1 504994 -110936
2 -999569 677066
3 148645 254619
4 740169 -52735
5 391004 359794
6 -422616 -80176
7 879195 161315
8 -1053736 523414
9 -245595 -181144
10 -851458 751143
11 72556 -178494
12 -778306 789116
13 -679237 792479
14 -665981 -64683
15 -1010774 10783
16 861926 120032
17 -956506 137841
18 244523 346651
19 789292 2347
20 668189 -51903
21 -987164 184416
22 -499112 -62575
23 -1095019 289481
24 -1085055 438954
25 319060 354544
26 -934974 710946
27 181890 -178564
28 -504423 690630
29 602533 -29117
30 7911 -178780
31 397075 -179703
32 810673 222483
33 854979 192007
34 -93942 -179690
35 46464 235044
36 -330584 -176054
37 -969922 90409
38 -269347 321816
39 830111 67900
40 -572153 -65826
41 -777692 -54954
42 -355089 421545
43 -1006937 44238
44 -162501 260262
45 535850 -8433
46 300971 -179369
47 511718 359314
48 -441536 614567
49 501588 -22475
50 -887614 -35850
51 616279 324886
52 499217 -57016
53 -1045434 229210
54 462207 -167686
55 -382051 -118296
56 -969888 -17016
57 -55387 234276
58 -601971 762276
59 702783 280944
60 -1017861 613665
61 -1099434 368766
62 -388151 504583
