1 -1160596 -389893
2 -1728270 -804451
3 -826215 -395200
4 -901413 -435220
5 -245203 191695
6 -841147 -393517
7 239783 354536
8 -1151810 -426703
9 -1233492 -353528
10 29568 -91172
11 -1417422 -1035236
12 -641476 -208213
13 -1734151 -853611
14 -220624 -172389
15 -1698397 -889832
16 374728 49956
17 -1300408 -290940
18 -1725910 -874070
19 -494098 -124611
20 -1618498 -416164
21 315806 230688
22 213478 -25107
23 -801571 -370156
24 -1581249 -958857
25 -1475548 -348253
26 -528693 -28068
27 -1548776 -381265
28 270385 346123
29 99682 -66007
30 -1188184 -364114
31 -774381 -277452
32 -1271623 -307269
33 -975867 -485892
34 -1392543 -1001892
35 -339265 156670
36 -1124860 -535363
37 -1135702 -491936
38 -1459990 -1033506
39 -519647 87215
40 -462000 109529
41 343678 158730
42 -307591 -203881
43 -508681 -276756
44 293097 290358
45 -1638914 -924192
46 -1037330 -527533
47 -1351709 -299166
48 -1320669 -881990
49 -102880 -134499
50 -1412362 -321523
51 -932042 -467461
52 -717803 -246871
53 371577 83467
54 -788342 -320280
55 -595102 -307375
56 -1727613 -734590
57 -1180397 -754356
58 -1260956 -344478
59 140943 323867
60 -1257391 -821018
61 300545 6379
62 -138076 231443
63 206206 344379
64 -36845 267595
65 -1714488 -594985
66 64580 299831
67 -577443 -184431
68 -1670287 -475735
69 -414566 -242635
70 -545093 23960
71 -1019387 -527171
72 -529235 -168332
73 -1094998 -598011
74 -1363810 -950426
75 -1090496 -563700
76 -505595 -89862
77 -781423 -352586
78 -717397 -349933
79 346074 21016
80 -1113836 -661312
81 -556326 54190
82 -498901 -153199
83 -1514333 -1000416
84 -1112555 -562344
