1 -802435 -585313
2 281548 20316
3 -1945557 -858267
4 -349453 -357252
5 -1293910 -816065
6 -260969 -384763
7 -1122823 -851220
8 -932002 -745207
9 472847 114493
10 -1421192 -853263
11 -1768588 -871961
12 -286856 -321857
13 335977 -279419
14 -1831680 -924381
15 -564548 -534143
16 -856339 -681201
17 549919 66616
18 -1975996 -974277
19 -1221469 -823460
20 -2012692 -935811
21 -1548679 -755295
22 -649241 -571027
23 527475 128937
24 350328 54882
25 -179370 -368953
26 408613 -208232
27 7628 -132283
28 518050 -9350
29 -2000781 -894297
30 471834 -105898
31 -1670171 -840105
32 -459319 -468433
33 116145 -391016
34 99028 -74351
35 -387980 -416430
36 -935879 -701961
37 -1451084 -756520
38 240819 -335506
39 -1029672 -785431
40 -756231 -659849
41 -1631367 -766326
42 -1135809 -790044
43 -451365 -508602
44 -367268 -492478
45 -1091648 -721629
46 -408626 -463833
47 -1905294 -970150
48 -185099 -262888
49 -1364742 -757667
50 -386434 -386672
51 -1001574 -688968
52 414329 85886
53 -1202645 -894414
54 -592271 -497357
55 -1738947 -791191
56 -517288 -472787
57 -832128 -710103
58 13205 -403490
59 199860 -20353
60 -1380720 -902329
61 -92969 -200445
62 554527 106001
63 -677980 -530991
64 -1286334 -917135
65 -325980 -441063
66 -1485222 -853974
67 -1856138 -826284
68 -76814 -388833
69 -752263 -559611
70 -814933 -635631
71 -381888 -447891
72 10273 -130490
73 -1568963 -844656
