1 -782753 -38057
2 -860356 10750
3 -234351 246298
4 396216 -67374
5 -939601 82101
6 -793586 101090
7 144801 167007
8 -745051 266512
9 -119858 195214
10 -941317 169938
11 -506670 253433
12 270165 5178
13 -361565 132444
14 274742 62760
15 153952 224341
16 398087 138688
17 216593 117048
18 322153 -125368
19 -307962 216618
20 112778 59884
21 77192 -128963
22 204191 1562
23 -14086 129285
24 -765819 46030
25 55249 -129143
26 -864096 239043
27 -698304 -135599
28 -439519 -36700
29 -767561 -100926
30 -239015 -131728
31 -660470 -18145
32 245752 232804
33 -593333 270842
34 -629406 122218
35 -399283 -129687
36 -738192 126690
37 224087 -128957
38 -526334 138478
39 406414 49303
40 -522637 -54310
41 346121 199615
42 -486193 198766
43 -564771 -130440
44 -422940 40958
45 -82812 -130448
