1 -721135 676309
2 -188667 301122
3 -239428 393744
4 356984 124431
5 -550731 165671
6 288010 219260
7 135565 699591
8 43902 489259
9 -465795 698843
10 43243 -144136
11 292237 359722
12 -210575 499632
13 -547477 440102
14 429437 17727
15 -503657 434792
16 -690496 -31603
17 -237279 320065
18 -20945 391660
19 -549104 48147
20 474789 -66294
21 259890 291672
22 -792790 639652
23 -367949 -145451
24 -711009 -92949
25 -258336 584876
26 -486274 488841
27 -475930 581550
28 -561242 -148869
29 285210 -144488
30 -673815 -137234
31 159516 -144559
32 -718631 312020
33 93102 606278
34 -430257 771412
35 -235487 -144101
36 -603499 592123
37 -620797 9568
38 217744 742649
39 -800467 551753
40 430545 525905
41 -511759 110569
42 430878 594779
43 456107 -123511
44 -644410 215312
45 -758049 427168
46 -577074 504072
47 -354511 766356
48 -315101 668935
49 -629848 660923
50 386856 -145722
51 382340 689142
52 315079 740031
53 -88534 338000
54 360734 439977
55 -99137 -143990
