1 1056410 -24846
2 546413 -440698
3 -260283 86669
4 1042845 -54738
5 1021972 101728
6 410395 -382410
7 -97985 -277188
8 140512 96662
9 -321180 -395850
10 -215863 29584
11 353758 -78601
12 -228705 -307569
13 1041235 2840
14 737688 96303
15 663572 -397383
16 -88519 93567
17 -168048 -322461
18 -295732 -256377
19 30970 -408367
20 -245125 45172
21 156081 -366376
22 811878 97893
23 -261907 64398
24 881902 -297002
25 58330 63174
26 -363236 -266038
27 -378545 -406458
28 359812 97616
29 444604 -339090
30 460270 -243284
31 345522 -464524
32 68321 -314607
33 179359 21472
34 -26925 54693
35 623835 95829
36 977378 100771
37 953272 -88585
38 143447 -414346
39 1042419 29097
40 1044328 91902
41 504182 -188419
42 -11481 -270065
43 451396 -281417
44 -165199 11441
45 -403043 -298047
46 -42349 -411928
47 -414787 -394416
48 145627 39006
49 -147258 -422096
50 441512 -462573
51 252517 98472
52 -107993 20843
53 974098 -223640
54 940700 -175576
55 343107 -412577
56 949082 -255132
57 -422991 -342871
58 1048032 63214
59 453833 95796
60 266785 -29307
61 -239512 -410709
62 1001531 -83698
63 486355 -210854
64 -230913 99501
65 -185374 99190
66 244463 -444539
67 785471 -346498
68 21104 94794
69 453038 -127867
70 536518 94781
71 500895 -157314
72 922887 -112460
73 965297 -195130
74 911659 100177
75 918521 -145032
76 249831 -412031
