1 -782000 31900
2 57500 210500
3 -163699 376700
4 -1736300 -485399
5 -172700 -770800
6 -1771100 -412199
7 -1673300 -238699
8 -187699 278600
9 -1163300 364100
10 -1400300 361000
11 70099 -772900
12 -1426000 76600
13 -1573300 -187899
14 -327700 49000
15 78800 192400
16 -117100 156300
17 -1464500 -623399
18 -1443100 -55799
19 -1346700 -678999
20 -1733400 -302699
21 -1093900 290400
22 -935200 26500
23 -197299 337200
24 118199 -753200
25 -1275400 366700
26 -1351700 346100
27 -1017400 24900
28 -141699 222800
29 168399 -439700
30 -632500 -768200
31 -1582300 -559099
32 -596600 38400
33 165899 -661300
34 164399 -288700
35 -1675400 -510999
36 171199 -546100
37 -109099 359400
38 131899 -711700
39 -1427800 266200
40 -1774900 -463299
41 -1429100 327400
42 -43899 300700
43 -146000 94600
44 162700 -7400
45 -24600 -772600
46 -1190400 -726799
47 -455200 43500
48 -221100 57600
49 -820900 -769599
50 -1297200 333000
51 -1071500 192000
52 -1028200 -758799
53 -1497400 -141499
54 -1426000 179500
55 -1238300 387500
56 -1064200 45000
57 -427900 -768900
58 165400 -136300
59 -1070900 97900
60 144500 107500
