1 -91226 493483
2 374305 180560
3 -536562 119253
4 130847 210415
5 -315114 -219632
6 421791 38567
7 216589 214512
8 -269247 498876
9 -249893 129258
10 -323764 350402
11 -435479 -45107
12 -624069 290752
13 -372584 511575
14 -183949 -205041
15 112289 -118758
16 -390013 -111523
17 -176153 494300
18 263054 -75320
19 -245442 338367
20 -816570 495424
21 -472444 319303
22 -50792 486187
23 -571817 546103
24 -313700 83237
25 -350629 -167544
26 402006 -19787
27 -786102 549064
28 -668995 555409
29 -692202 377976
30 -482297 259222
31 -191956 179177
32 -769408 452140
33 -83488 376800
34 179563 -99481
35 -71111 -171867
36 -818483 541998
37 -95356 202966
38 -383134 96028
39 -740382 554062
40 -259985 -226571
41 -487660 532070
42 -53613 407126
43 -489072 34269
44 17992 206845
45 -832411 526252
46 -442257 171307
47 -163672 340795
48 337480 -53218
49 403030 110650
50 301997 214803
51 37059 -140574
52 -575301 195589
53 -32337 454504
54 -414066 355427
