1 108267 -183433
2 -1081995 654337
3 -1169318 636278
4 358741 151212
5 -531475 522970
6 198255 36241
7 -1085766 -91548
8 -821440 694555
9 -901282 671454
10 -455679 169100
11 -953551 -92534
12 113947 -42349
13 -1075079 121054
14 -194383 580669
15 -587629 431855
16 -434315 50173
17 -1327013 452863
18 -496199 570130
19 -1036484 -15682
20 386415 181096
21 -694119 727718
22 -114598 -179708
23 -274776 619187
24 287804 363065
25 378992 299108
26 -1095073 31701
27 -836422 415862
28 402057 220265
29 151502 -6016
30 -556844 604734
31 -593939 503678
32 -635722 717350
33 -59034 521457
34 -294803 -56622
35 95227 -73621
36 -567792 517099
37 -544724 386624
38 120087 -149400
39 -493477 752936
40 -1095578 74810
41 43418 -226122
42 -1313145 365194
43 -454120 253405
44 -84875 -199883
45 310965 121026
46 -455724 115966
47 -130064 552597
48 -1023021 186210
49 -375464 -4706
50 349111 326682
51 -477905 315613
52 -993195 -17472
53 -671900 598615
54 214911 398843
55 -439661 762020
56 -1277046 130911
57 -753464 722244
58 -19315 -229113
59 -780652 486451
60 -360289 701153
61 -730470 553744
62 398861 263080
63 -1026448 -111090
64 35072 479916
65 -500633 542358
66 -1325109 512966
67 -159975 -146772
68 -1290572 578412
69 -1001650 663046
70 -324383 655778
71 -1142156 -61298
72 -220446 -105657
73 97656 -103054
74 -959984 -31522
75 -1243134 42341
76 -396628 744611
77 -942833 -61341
78 112908 -124335
79 -1236103 614635
80 -606842 472009
81 -950190 275406
82 249255 77245
83 -1194464 -18997
84 -1299692 275108
85 -600021 611932
86 -987237 -110721
87 -533453 728626
88 -578744 713236
89 -524723 593248
90 -1072068 -2416
91 -890116 348847
92 121251 441900
