1 -461175 -54730
2 -855811 188161
3 -125935 39244
4 -1094954 -227900
5 -344007 -147997
6 -894277 117309
7 -999000 -39880
8 -243456 79125
9 -1097146 -156270
10 -1153220 -190565
11 -698409 38961
12 -1056558 -83297
13 -131875 -25950
14 -533441 -3111
15 -806596 127349
16 -1023254 -69225
17 -1099551 -192191
18 -1106763 -258093
19 -1137876 -155280
20 -888196 174160
21 -366988 -47093
22 -124804 92843
23 -300873 73185
24 -1009748 73680
25 -746563 76508
26 -780080 138027
27 -954452 58972
28 -611293 27647
29 -1119562 -254346
30 -931401 89236
31 -259366 -151603
32 -816708 167442
33 -439042 -115894
34 -1161352 -210859
35 -79125 -46315
36 -1093682 -255194
37 -111510 -74458
38 -1073246 -7778
39 -733199 108399
40 -49709 -20011
41 -1140704 -239709
42 -117945 2687
43 -641699 -15909
44 -950563 131592
45 -338845 42850
46 -37123 5020
47 -1086186 -122541
48 -525592 -76296
49 -657538 6858
50 -969514 7424
51 -408707 -67882
52 -112854 31819
53 -614122 -21283
54 -61659 28849
55 -671610 71276
56 -1122744 -99136
57 -1022122 59891
58 -110520 69932
59 -168857 90792
60 -121480 -15980
61 -1073529 -100267
62 -578766 -36557
63 -1130805 -247204
64 -1152584 -228254
65 -848810 133784
66 -90368 39597
67 -140784 -1484
68 -345068 -1555
69 -189787 -124875
