1 -944688 260269
2 -710770 585183
3 -388055 499215
4 -485610 17532
5 36642 64440
6 76182 339243
7 -1296554 693354
8 336044 253284
9 280703 229931
10 -996470 305810
11 -1376526 661806
12 -1503298 699651
13 -799066 149883
14 -395223 88053
15 -1203598 686060
16 84150 39406
17 -1497989 734770
18 150807 50173
19 -1106663 676876
20 -1459302 684413
21 -1430724 716219
22 -466705 520421
23 -704801 98402
24 -1513832 722014
25 -132246 22862
26 59457 344851
27 297671 125094
28 -30995 368143
29 -1014427 337216
30 -1477846 733460
31 -66644 48686
32 -437070 31929
33 -1009042 377164
34 234672 87126
35 -297878 52376
36 -362010 87042
37 -323690 443473
38 -546557 31137
39 -270636 423757
40 222070 255557
41 159611 298055
42 -817959 613636
43 -1013215 662412
44 -872565 199949
45 -1152151 532536
46 -210166 410746
47 -18333 59241
48 -1086618 478778
49 -622649 61629
50 -1031781 426630
51 -1211941 576220
52 -903729 636363
53 -579866 549784
54 -1375411 700966
55 -351953 474243
56 362543 244970
57 -120957 389588
58 370848 217563
59 -418340 59911
60 345541 171672
61 -1285356 620691
62 -223728 17593
