1 -1415962 986444
2 534022 118293
3 202318 -129057
4 -1520512 554488
5 -574102 204441
6 459836 -95084
7 -1668350 850229
8 -1496283 474897
9 -797015 339427
10 528586 -53634
11 -1483462 974315
12 -15874 137841
13 570799 6573
14 -1357602 983720
15 -842487 -88564
16 380804 135906
17 377576 -116334
18 469899 132960
19 -1077180 -135598
20 -1613347 722938
21 -385120 139465
22 -1195712 760279
23 -1162751 -131641
24 -1550048 569672
25 182967 136867
26 -1079529 612945
27 -1551283 963563
28 -1142330 683640
29 -511985 -131522
30 -1615064 947945
31 7740 -130923
32 -401575 -131399
33 -1485570 390309
34 -1013124 548086
35 -723534 -132163
36 -633732 201031
37 -97553 -131000
38 99208 -131152
39 -201850 138635
40 -726953 271776
41 -1243191 829103
42 109512 -130752
43 -863705 -90421
44 -894098 -101010
45 -1317481 945070
46 -1331368 -55045
47 -945028 482270
48 -1644208 787695
49 288984 -124888
50 -624586 -131837
51 -1005341 -130618
52 -678013 225264
53 -940398 -116805
54 -1660637 908924
55 79132 137319
56 -296788 -131266
57 -1569765 602277
58 -1471521 296275
59 -781775 -131938
60 -1503555 522444
61 -1388952 13395
62 -198927 -131136
63 -106952 138204
64 -871022 410848
65 -1585122 655040
66 -1428360 94369
67 -826930 -101156
68 -814179 -124132
69 -515064 188225
70 -295536 138971
71 -1283832 890896
72 -1453521 192650
73 -459878 149487
74 574056 72608
75 -1254492 -105337
76 284493 136414
