1 -109812 734179
2 -1304 105165
3 -435492 18368
4 -426559 185384
5 -19320 -105632
6 -177411 -105003
7 -94267 -103902
8 184198 481956
9 143071 -68449
10 -383107 828076
11 -252797 698137
12 -662816 816205
13 -200488 696471
14 63589 96436
15 -67070 39015
16 -718667 -89094
17 -560845 857254
18 55831 556218
19 -623644 848552
20 -306335 733627
21 150973 89216
22 -501001 589603
23 -74254 69669
24 178524 259715
25 -366229 797071
26 -279647 64286
27 -495461 507703
28 -94178 -103697
29 -479839 424212
30 -332387 125117
31 115220 87021
32 -641156 734386
33 -649774 -12358
34 -691417 -37249
35 171790 116213
36 -156246 725110
37 -385816 147252
38 135232 532378
39 -32929 21974
40 -2709 598605
41 184523 344509
42 11920 22664
43 -524563 654553
44 -346844 763079
45 125685 10298
46 -695623 -107223
47 -462189 335503
48 -292213 99953
49 71843 26081
50 -450120 -108259
51 -447528 252379
52 -716631 -62583
53 -518782 18840
54 54372 -107892
55 111624 -98491
56 -594341 8699
57 -298157 32828
58 -648943 -114004
59 189824 412400
60 174887 169462
61 -425134 840980
62 -667480 775870
63 -37544 653965
64 -579691 694583
65 -553486 -111708
66 -348824 18380
67 -66615 708679
68 -355300 -106759
69 -492514 850495
70 -265357 -105827
71 -52929 97615
72 150105 -28606
