1 682374 -66618
2 -15494 -89616
3 -173126 -268207
4 151432 85796
5 -346971 -599126
6 384842 83900
7 -366834 -487385
8 -956921 -891075
9 146074 -80870
10 -195669 -475983
11 -158986 -572797
12 -102740 -1584
13 -84516 -431493
14 -492985 -363017
15 627218 81498
16 -875279 -768196
17 869560 25860
18 -528620 -418033
19 -173874 -121673
20 -112814 -77496
21 231374 -180592
22 -1087879 -882440
23 -628157 -719868
24 -599845 -747659
25 -550535 -343862
26 -6803 72959
27 -107521 -224138
28 390307 -98666
29 -505633 -570384
30 -787727 -840328
31 848576 -82570
32 -1060443 -744639
33 -234357 -561339
34 554471 -130071
