1 538303 316833
2 -416381 -267712
3 -33572 343978
4 192220 476479
5 157293 458501
6 375343 427787
7 704784 -104872
8 159762 -163249
9 -488094 -213629
10 129821 480276
11 239987 -272343
12 -256838 -205462
13 111270 -111965
14 -107382 148431
15 653480 -84909
16 -504480 -267137
17 653933 377194
18 79411 497393
19 -227084 -170294
20 607028 -150013
21 138904 -271564
22 326309 -171367
23 196243 -53276
24 278194 415162
25 294602 3992
26 622404 385746
27 466548 321460
28 -588421 -266400
29 234465 243720
30 598351 -182653
31 81596 435760
32 204419 405481
33 446426 -273934
34 -299376 -268577
35 -171222 -20562
36 279661 83805
37 235233 161544
38 599174 -115103
39 -404507 -210320
40 -143613 52246
41 22457 -270942
42 257612 -43051
43 244715 -167385
44 123893 401376
45 174640 561226
46 734123 -159577
47 106671 502465
48 366753 328080
49 608692 324421
50 504033 -179351
51 424522 -175648
52 705786 -234059
53 666809 353690
54 41606 536491
55 -74237 236007
56 -561096 -266737
57 291581 312391
58 643195 -271869
59 -323993 -207519
60 -196406 -269389
61 565279 400785
62 101148 -66043
63 -545423 -223140
64 565777 -181769
65 -597064 -251249
66 114897 579395
67 354163 -273159
68 127897 -43948
69 -80235 -270070
70 -640 430859
71 548008 -274680
72 203174 515748
73 464801 427284
74 -201867 -101535
