1 460600 286700
2 38900 347900
3 85600 -160700
4 870200 248700
5 46700 367800
6 639600 142800
7 154400 180600
8 848400 323900
9 219700 657900
10 -23400 186200
11 119800 137400
12 128100 263000
13 8100 268200
14 128100 93800
15 650700 260100
16 143600 -145900
17 544600 322900
18 129500 346300
19 -49200 -126400
20 89900 264400
21 708800 6600
22 188400 163900
23 741400 178800
24 796600 107400
25 157800 654800
26 507700 256400
27 171800 277700
28 234900 298100
29 139200 30600
30 215500 570400
31 69600 290300
32 -92200 12600
33 836900 175000
34 221500 157300
35 79700 448700
36 763400 36600
37 78800 323800
38 340300 205400
39 172100 373600
40 422300 233900
41 557400 102400
42 702000 362900
43 640500 12700
44 -56700 100100
45 116800 539900
46 553600 69000
47 178200 429600
48 782600 359400
49 160500 -100600
50 138500 613500
51 -95500 -67400
52 580100 39500
53 308000 303400
54 190600 671200
55 15000 -153800
56 265700 178400
57 744100 217400
58 382200 291500
59 586300 264200
60 127600 168700
61 698500 153500
62 151800 -41300
63 187300 505200
64 230200 619700
65 621800 358000
66 595300 130200
67 711800 249700
