1 -408500 -532900
2 -1067500 -251500
3 -1190600 -374700
4 -702500 -544300
5 250400 -34200
6 112800 -87700
7 -148400 -497600
8 -498500 -540700
9 -1043400 -219000
10 -986400 -169000
11 -860600 -975200
12 -114800 -158900
13 312900 -156100
14 -852200 -701300
15 -933500 -152800
16 -1302400 -802500
17 -1425400 -1037800
18 -835000 -923300
19 -1272800 -593500
20 -1141200 -993500
21 -295500 -550200
22 -1395100 -894600
23 -1485000 -991500
24 318200 -127700
25 -754100 -542300
26 -268300 -554400
27 -823700 -856500
28 -1484200 -1020300
29 -431400 -160000
30 -1050500 -993900
31 -33700 -428700
32 -843800 -571100
33 -1311300 -753000
34 -1109200 -277000
35 -343300 -527800
36 -865200 -635500
37 284500 -175100
38 -199900 -523500
39 -1230400 -1003500
40 225600 -199100
41 -645500 -543700
42 -225800 -164700
43 150600 -239500
44 222500 -38700
45 -315100 -531400
46 -535000 -135100
47 -1320700 -831000
48 172700 -62600
49 -849000 -138700
50 -1218000 -447800
51 -1165500 -319900
52 -1350500 -856900
53 -832200 -789600
54 -821600 -540700
55 -242500 -545200
56 47000 -115300
57 -959300 -1004200
58 -1309200 -1012200
59 -786900 -534800
60 37200 -362400
61 -760100 -127600
62 -1243000 -514300
63 307700 -92600
64 -896100 -1003600
65 -578300 -543200
66 -339100 -169300
67 -95300 -471400
68 -637900 -123000
69 -1456300 -954500
70 90400 -303300
71 -1307800 -679200
72 -1372600 -1024700
73 -1026400 -183800
74 -1456800 -1039500
75 -31800 -146900
76 -146900 -160200
77 285500 -54200
