1 -1992 97474
2 -182638 -204029
3 -310571 180130
4 44567 363193
5 -677799 157838
6 -1210579 92146
7 78881 -85441
8 19261 177599
9 -1087728 126550
10 -1195818 25129
11 -653644 541142
12 -455361 36680
13 -717630 531699
14 -911732 606432
15 -123589 74512
16 -302714 -56677
17 164606 323658
18 -347038 -17803
19 -756434 249013
20 -1055882 547645
21 -304213 -116443
22 -820023 390437
23 -1283269 365254
24 -566380 96504
25 -1242107 415904
26 -792199 334872
27 -539000 379773
28 122467 63160
29 -260654 -165002
30 -79197 -256678
31 -875732 544738
32 76538 401467
33 -974633 606414
34 4817 -235279
35 -215690 126397
36 -1132474 58042
37 162695 187289
38 24923 276580
39 -1238131 229455
40 -1134806 488895
41 187963 277679
42 64149 -137382
43 -833482 449124
44 -868034 393957
45 -778886 486227
46 -933604 329533
47 -1263572 297701
48 -1243936 165186
49 -1011104 236686
50 116994 389554
51 -1169584 13006
52 -600517 476426
53 -861325 485719
54 -444318 261254
55 -54188 56052
