1 -817391 11280
2 -831310 -5615
3 27264 571699
4 -69233 -43242
5 -826491 -31863
6 -437204 493942
7 -234203 153619
8 -813867 171100
9 -89597 660275
10 -300810 218535
11 -785356 -40733
12 -564405 606371
13 312016 -35132
14 -733742 699018
15 -486112 553472
16 -795643 328332
17 -461676 -40236
18 151503 360707
19 -340949 221836
20 -275665 223415
21 -135277 383812
22 -763847 523861
23 -331433 313223
24 -430735 414720
25 -561534 -40321
26 34585 284680
27 -7855 -44401
28 -398940 358095
29 -406395 233459
30 -668451 190387
31 -165809 538941
32 247288 202353
33 346103 34599
34 58957 214288
35 -696262 726043
36 -612730 162114
37 -135124 608655
38 -504792 157178
39 -24356 327849
40 -17790 151271
41 -254341 243171
42 -748869 625045
43 -133009 -42167
44 -42036 659334
45 -274561 277787
46 -809955 242480
47 57321 519016
48 -612484 662228
49 344884 -7868
50 -794235 41606
51 46412 -45407
52 -653413 169499
53 101148 444500
54 -640365 231392
55 198017 -48618
56 -781588 412974
57 118808 -46882
58 -173151 448330
59 -573267 255548
60 -433103 155879
61 303615 110863
62 -221181 -41644
63 -652760 709551
64 -701389 -41203
65 -343702 -40319
66 199510 281134
67 -793556 96664
68 -6833 628344
69 -489180 248779
70 -339603 154642
71 40187 170106
72 -122583 152114
73 260945 -48322
