1 863379 51398
2 987356 30473
3 -207237 -4834
4 -145768 -118020
5 -110845 -100928
6 486950 392232
7 740551 28040
8 1163406 -240250
9 303053 288412
10 1155655 -44650
11 1031282 8124
12 139558 -123693
13 528234 40405
14 1225332 -120476
15 1104007 511137
16 1025094 567522
17 1054516 566155
18 1147220 136238
19 458979 29395
20 -95847 81904
21 800330 56515
22 -68519 -40264
23 665096 490018
24 1211631 -235002
25 1186502 -249922
26 134183 199465
27 214938 -80792
28 -43267 -46268
29 15995 -128177
30 583517 31004
31 1226082 -196196
32 87058 -150959
33 1117857 461621
34 -26639 117477
35 1197474 -121434
36 -224566 -97521
37 858919 595488
38 986342 617116
39 1145221 -215391
40 -15257 -81417
41 1153697 42429
42 1085336 550105
43 -227376 -54694
44 -87776 -75516
45 631213 3977
46 1095761 -113628
47 -158756 43615
48 56665 159338
49 376284 2687
50 1237965 -161853
51 396627 341317
52 1241800 -137188
53 685704 -2290
54 1173354 -115967
55 292001 -37657
56 1063408 -44429
57 926797 30972
58 216945 242414
59 1138427 228982
60 1158794 -90823
61 1123201 -170452
62 916118 625303
63 574942 441082
64 1126994 396815
65 765214 544465
66 -208882 -125063
67 -182133 -135170
68 45628 -151270
69 1131294 319101
70 -81818 -54624
71 1003708 587089
72 -95928 81845
73 955640 633004
