1 1197299 806918
2 942802 -77857
3 815266 66338
4 1157705 840632
5 528632 134546
6 -433084 -165083
7 -34576 342148
8 -222429 131538
9 929091 232050
10 42968 53758
11 862255 302294
12 1046760 830795
13 1049452 -240221
14 -180916 -80869
15 -412655 -235337
16 -451732 -219817
17 -380218 -59544
18 28332 55702
19 1181811 -357028
20 -438022 -237480
21 728735 107434
22 49130 394017
23 350751 57430
24 931921 511142
25 1458460 -328796
26 1194321 576431
27 1258906 -396189
28 1245681 802662
29 1487541 -275880
30 466459 625236
31 752241 726139
32 1461917 -194515
33 -410482 -119182
34 262927 29393
35 567057 660597
36 1403194 786108
37 -376503 -215103
38 -122805 -40849
39 1356139 823193
40 1491565 -231403
41 659007 692906
42 141138 423027
43 -246934 -126228
44 1300039 822714
45 1190159 144493
46 -157807 193875
47 -315126 -173126
48 1292197 74463
49 846937 389140
50 185893 13446
51 948649 796177
52 104105 616
53 632450 140159
54 1016422 196668
55 1490156 508284
56 1022935 534034
57 1341472 -410750
58 435899 95522
59 -336484 7628
60 52562 42723
61 993071 -161593
62 60337 9854
63 -89700 257073
64 -15092 33841
65 -54906 5642
66 1399117 -160706
67 71855 3154
68 1331038 -128089
69 1111229 850323
70 886848 4978
71 1456804 545307
72 1112259 -303134
73 1556365 514040
74 375899 587749
75 1267080 -33691
76 10032 49782
77 1545203 597758
78 -446450 -195821
79 867502 465810
80 217010 476859
81 1424839 600358
82 1288240 20386
83 54579 24556
84 1526035 498308
85 1111593 554384
86 1266448 604194
87 1378519 635455
88 1320342 627938
89 -282590 71479
90 1494048 663475
91 1567935 550248
92 1103992 170493
93 1412882 -381999
94 291330 533665
95 1442681 729889
96 -102249 -26688
97 85599 794
98 134442 4447
99 1256334 117844
100 847961 760214
101 1283335 -88216
