1 309285 -335083
2 36488 -210968
3 676173 -98479
4 66812 108855
5 -103266 -232666
6 35825 227578
7 24144 210896
8 30241 186687
9 -24859 -19107
10 -62963 118669
11 -291688 -467859
12 160584 132193
13 227595 207676
14 -213657 -44273
15 213197 -15311
16 -249640 -232379
17 70861 229288
18 1152204 58161
19 23216 160875
20 623792 138118
21 -304117 -199845
22 -114576 80831
23 -111754 -197201
24 -416821 -478042
25 234482 -86496
26 -166297 28048
27 338455 188231
28 -1226 -280981
29 605575 -147280
30 581588 -220863
31 -395388 -650846
32 339263 -376101
33 883636 92649
34 1184022 40112
35 1040855 66553
36 -259478 -123027
37 -187987 -195615
38 -87242 -268833
39 -630 49644
40 383590 -378135
41 852896 -93516
42 1111786 -37408
43 965133 78486
44 -299584 -385072
45 284132 -254629
46 -290720 -544759
47 -434032 -611356
48 136510 223804
49 30151 -252195
50 181295 101117
51 435890 -362617
52 -141834 -185548
53 21075 -159259
54 121969 135234
55 493457 -337235
56 1104501 64372
57 197525 48232
58 431399 171923
59 804310 106586
60 259524 -170930
61 -50385 -287822
62 -306636 -607678
63 -432791 -556203
64 -13830 144087
65 1188310 8882
66 1030672 -58819
67 1160147 -19133
68 719633 121508
69 -1455 -91949
70 764885 -94819
71 -287882 -304008
72 -343646 -645987
73 212676 -14083
74 -351114 -284594
75 944471 -77877
76 557114 -293415
77 -390739 -378907
78 525200 155360
