1 -80800 -79200
2 502900 229800
3 330300 -397700
4 999900 295100
5 399600 377400
6 1253500 557100
7 567800 42600
8 489800 200900
9 1038200 325000
10 801200 456900
11 203500 -2000
12 377500 -115300
13 323500 224900
14 1528800 570700
15 894300 236800
16 1420000 438900
17 -148500 139900
18 447200 -71100
19 415000 348100
20 359300 174000
21 381300 -384300
22 351000 41000
23 674200 163100
24 1527400 643600
25 828200 266900
26 -234100 31000
27 361700 -310300
28 1167800 282800
29 992800 492700
30 121300 -234100
31 701200 230100
32 895300 473300
33 404600 402300
34 1459200 625900
35 373000 108800
36 39300 168600
37 86700 105800
38 202600 -296300
39 -147300 -28300
40 -84600 168700
41 1498600 639300
42 -213400 112800
43 -198800 4700
44 494900 422700
45 1174900 535700
46 50200 -179700
47 1554800 608100
48 1552600 635800
49 337000 -185300
50 1088900 514300
51 631800 100500
52 1113500 291200
53 1329300 580000
54 1302400 321300
55 284000 285800
56 -252400 55700
57 434300 416900
58 288200 -600
59 1235200 297400
60 361700 294700
61 130700 39300
62 289400 308400
63 459900 193200
64 705300 443900
65 377000 -350300
66 296300 260900
67 -249100 86700
68 515800 -27100
69 600300 433300
70 1401000 604800
71 -16300 -128700
72 320800 318400
73 -21500 190800
74 425000 205700
75 279900 -356000
76 340200 -257900
77 489700 269900
78 364200 -406900
79 1477600 509900
80 -139600 -34000
81 1362600 368100
82 394900 244300
83 1079500 320200
84 758400 269800
85 953900 247600
86 451100 311700
