1 169816 276314
2 -933841 711067
3 -962848 102662
4 -1066805 248748
5 -177179 266105
6 -536908 -64319
7 -1014209 24704
8 397075 -179703
9 548534 -11059
10 -481884 665130
11 343847 356516
12 -1053736 523414
13 879186 156719
14 858568 114009
15 34785 -178825
16 -135865 250674
17 604781 -30004
18 -1006937 44238
19 437376 362592
20 -92149 239091
21 -865843 741422
22 -1012878 15841
23 -999479 54221
24 -922347 -28242
25 863089 121851
26 -1019259 209446
27 303841 353749
28 176615 284965
29 542618 -9683
30 -199985 276334
31 -1005920 45776
32 789292 2347
33 701731 281457
34 -563083 737410
35 73092 237126
36 -386467 -111995
37 -760894 793975
38 819207 50976
39 348136 -179697
40 661077 -50153
41 -1070141 252060
42 -439585 -71817
43 -388151 504583
44 -1017640 614156
45 849389 195923
46 -393134 514925
47 642657 -43890
48 72556 -178494
49 -697359 795553
50 -336677 390530
51 -1013531 626744
52 495957 -138430
53 498839 -131338
54 497695 -42916
55 218520 -178779
56 -912676 716214
57 -161492 -180278
58 -25899 -179180
59 181890 -178564
60 -958074 145224
61 821390 54474
62 498312 -31894
63 455932 -170688
64 -332553 -175454
65 -330584 -176054
66 -1102739 321228
67 18505 233623
68 -330050 381221
69 799985 19346
70 -908692 717559
71 633731 -40694
72 -73432 -179623
73 811303 222119
74 534129 354821
75 795830 231087
76 -315793 -179565
77 -415417 -85040
78 -898566 722333
79 122368 244257
80 -703990 -62464
81 -538769 720437
82 879040 156438
83 837668 79508
84 484974 -151817
85 877533 167356
86 724924 269100
87 -427418 588720
88 -977361 701431
89 -603135 -66134
90 855509 108970
91 514896 -9624
92 -714163 797120
93 -956489 122565
94 -778306 789116
95 370613 358453
96 -1039262 558522
97 31319 -178835
98 -526432 -63795
99 -821849 -48384
100 -1052335 526714
101 -355089 421545
102 667883 299233
103 -1008226 6849
104 -1050036 232968
105 -975608 173889
106 487019 362433
107 -1098784 373564
108 712148 -57692
109 875960 146096
110 -719951 -61195
111 -963505 158190
112 519192 358052
113 -363622 443193
114 -1053237 235994
115 840096 202380
116 -1021841 211400
117 286568 352777
118 -484268 -62975
119 243056 -178995
120 -990728 65313
121 489418 362108
122 803479 25084
123 -610026 766731
124 -856676 -42118
125 -973032 86432
126 -878997 733307
127 -55387 234276
128 -76493 236554
129 -1449 232981
130 876106 146376
131 -1002473 668701
132 -985489 183114
133 628552 318944
134 -1006577 652365
135 263619 350773
136 770258 244900
137 579702 -20302
138 -1100889 358325
139 -967572 164272
140 -572153 -65826
141 523908 -7871
142 842959 200279
143 263492 -179139
144 -372303 -135156
145 -344743 402481
146 -716421 -61540
147 -162501 260262
148 -1101625 352609
149 739707 261133
150 503991 -18486
151 -408785 -90035
152 -830733 -46814
153 366081 358108
154 673561 296376
155 444260 -174869
156 498013 -49004
157 -14254 232710
158 -556512 733052
159 240511 -178950
160 372318 -179978
161 813311 41390
162 -827362 766210
163 -876832 -38089
164 -888212 728022
165 668189 -51903
166 -367049 453507
167 -384941 -113719
168 -628803 -65898
169 -356585 424965
170 -539746 721161
171 391004 359794
172 -1099434 368766
173 805590 28512
174 -976649 81828
175 -942565 -23717
176 831996 208320
177 -688024 -63450
178 -363823 443833
179 -125388 247167
180 -1005019 198731
181 767048 -32200
182 7911 -178780
183 67748 -178410
184 333931 355699
185 -998757 55057
186 -306193 -180582
187 307450 353898
188 -5813 -179106
189 -145789 -180128
190 136210 -178191
191 -844376 755757
192 855187 191791
193 -459786 638648
194 470835 363069
195 -514465 -62943
196 29057 -178795
197 -1093592 286132
198 -1009333 40673
199 421093 361603
200 -988087 -10263
201 -404245 -93297
202 -1084970 439730
203 216540 -178744
204 187174 298359
205 776821 -19287
206 802973 227002
207 -815435 772862
208 -1063783 498837
209 276151 -179148
210 540504 -9222
211 562126 -14338
212 501588 -22475
213 511398 -11472
214 -473985 655799
215 -376510 478708
216 149648 -178142
217 -957035 119675
218 -382901 493388
219 436374 -176924
220 242742 345904
221 -204332 278531
222 576133 342419
223 -1007606 5918
224 -1066734 491817
225 -1031353 578116
226 -340909 -171984
227 -1100517 306692
228 -425908 -78350
229 535850 -8433
230 148645 254619
231 332088 355448
232 568398 344958
233 -100464 240792
234 -1093131 405714
235 -400072 -97330
236 -1091825 411703
237 -956506 137841
238 -255780 -181249
239 726675 268150
240 -1030849 217993
241 861926 120032
242 504135 -18347
243 -665981 -64683
244 450114 363077
245 -580906 749532
246 823613 214266
247 -660752 -64916
248 -9914 -179035
249 -452529 -67914
250 854979 192007
251 -1102681 340747
252 499222 -56733
253 -275869 -181464
254 -286052 -181428
255 -960120 109050
256 -1003075 666590
257 -743039 -59024
258 -987869 695037
259 -999620 -2495
260 -1011603 36257
261 -887614 -35850
262 505550 -107480
263 491175 -144995
264 -119333 245647
265 -777692 -54954
266 -946650 -22797
267 511718 359314
268 -969888 -17016
269 612422 326722
270 -934974 710946
271 -543209 -64705
272 -634741 -65794
273 -658890 787244
274 686720 -55834
275 -1090208 419242
276 -1102696 339898
277 499966 -26265
278 -1081737 450777
279 -961159 106239
280 -990679 -8874
281 121999 -178013
282 -382051 -118296
283 608854 -31631
284 -708371 -62246
285 501979 -68946
286 378331 358955
287 499217 -57016
288 702783 280944
289 94349 239442
290 499291 -28446
291 -1085055 438954
292 -382530 -117368
293 414554 -179089
294 -625030 774206
295 -431167 596777
296 73799 237113
297 -322628 -178102
298 -152578 -180151
299 -361158 -153031
300 -413060 556432
301 45755 234915
302 783448 -8300
303 -626327 -65870
304 474848 -160622
305 -222122 288460
306 -743533 -58945
307 -212065 -180739
308 -366946 -144302
309 -1014124 21449
310 46464 235044
311 -790905 784456
312 -983416 698920
313 -760332 -57096
314 251203 348515
315 723125 -56823
316 825678 61118
317 506060 -102539
318 -901987 -32770
319 402379 -179725
320 135880 248547
321 -314388 362843
322 170012 -178356
323 -834117 -46190
324 -376488 -127799
325 854852 107780
326 224254 336114
327 615952 -34231
328 769698 245193
329 -827935 765796
330 140154 250312
331 -1000833 195404
332 498088 -48793
333 -456121 -67073
334 407048 -179665
335 -407738 -90832
336 -1100716 307473
337 655944 -48436
338 -871266 -39247
339 -177547 -180352
340 -369140 459272
341 -220696 -180872
342 -373800 471871
343 -961369 -19216
344 503173 -73493
345 -999866 676223
346 -90549 -179749
347 95413 239636
348 -516872 702658
349 703026 -57603
350 879195 161315
351 319060 354544
352 -1011511 203582
353 -981912 -13058
354 632759 316890
355 410305 -179439
356 -399514 -97764
357 866882 128433
358 -739268 797204
359 -1011660 12708
360 -556657 -65318
361 -949995 709369
362 -772895 -55603
363 510609 -12095
364 476209 362975
365 747521 -48833
366 -679237 792479
367 658981 303844
368 -956372 137415
369 500731 -63478
370 -468597 -64663
371 -505478 -62605
372 -767498 792464
373 543491 352324
374 -422616 -80176
375 590591 -24523
376 434601 -177246
377 699211 -57395
378 -1038225 561192
379 788414 665
380 -114617 244363
381 -960913 152770
382 -601971 762276
383 92716 -178209
384 -577318 -65948
385 740169 -52735
386 557202 -12837
387 160727 266148
388 -125276 -179921
389 372956 -179918
390 384986 359404
391 -973477 -16034
392 504994 -110936
393 -1061640 504104
394 644749 310952
395 -1075033 470179
396 153385 258779
397 -287398 337053
398 -418372 568123
399 272830 351744
400 -1022464 601157
401 -800524 780310
402 -549451 728332
403 7276 -178698
404 -954961 -20813
405 322397 -179531
406 -558425 -65358
407 -968756 92369
408 830981 69158
409 -956140 126378
410 -811341 -50053
411 -450859 627389
412 -204921 -180652
413 -934745 -25480
414 -744442 796517
415 -1017861 613665
416 -808590 -50454
417 269784 351444
418 -970388 703855
419 244523 346651
420 179486 -178522
421 -1098934 300158
422 -976928 175256
423 -37712 -179327
424 -425647 584870
425 -1012563 33940
426 -504423 690630
427 -526077 -63731
428 -287884 337557
429 -481189 664411
430 416350 361332
431 -326666 376565
432 -498390 683806
433 841017 84966
434 -999569 677066
435 830111 67900
436 -257072 311984
437 -1095229 394931
438 -1047464 538369
439 -1096962 384777
440 874109 173780
441 -107735 -179802
442 -483561 -62988
443 -1045434 229210
444 174873 282450
445 -955174 708399
446 -992215 689172
447 -1013998 20598
448 -381812 490965
449 821026 215937
450 723621 -56761
451 755831 -42754
452 -683042 793253
453 -1011807 632301
454 -269347 321816
455 462207 -167686
456 -816078 772520
457 878811 163585
458 -1102183 316622
459 -245595 -181144
460 -940784 710340
461 304364 -179428
462 824004 58389
463 -38640 233489
464 -926250 712420
465 513402 -10093
466 506027 -88252
467 -26606 -179168
468 361479 357835
469 -1033795 571864
470 -1088736 276642
471 -902550 -32619
472 -704275 796381
473 -319037 367945
474 760135 -39293
475 -1085566 271919
476 -476920 -63386
477 -1097984 378925
478 502639 -120301
479 -662690 788300
480 499485 -57869
481 500264 -61843
482 781774 -11029
483 -1028545 584997
484 -724691 797657
485 680708 292574
486 -974532 -15662
487 771242 -26899
488 -1076216 467230
489 -435514 -73586
490 -851458 751143
491 866299 127453
492 -1048495 535982
493 -508862 695658
494 873750 141043
495 -1015279 206477
496 -441536 614567
497 -408767 547093
498 516600 -9229
499 647344 309705
500 -132841 249702
501 -583331 -66055
502 865096 184122
503 -594152 -66078
504 123293 244595
505 108317 241532
506 872142 138100
507 737113 -53601
508 498062 -34082
509 -79018 -179596
510 588844 337317
511 -176619 265813
512 -676349 791792
513 -1094064 400922
514 863493 185493
515 451660 -172311
516 -1095019 289481
517 -268300 -181384
518 -454320 631693
519 -857381 -41965
520 -992102 63569
521 -1010774 10783
522 -499112 -62575
523 -75788 236400
524 28695 234011
525 652007 -47095
526 205154 -178758
527 -976151 701905
528 -612268 767901
529 300971 -179369
530 -958332 114252
531 846327 93431
532 -370380 -138443
533 -981776 75765
534 506034 -87828
535 -1006126 653913
536 462991 -167346
537 -634295 778187
538 850264 100151
539 512211 359235
540 870586 178580
541 -640403 780769
542 -983944 73115
543 118957 -178031
544 869752 179443
545 -283648 -181470
546 529286 -7682
547 -20332 232957
548 -1067502 249326
549 593476 335256
550 18028 -178603
551 339439 -179616
552 602533 -29117
553 -1013926 28730
554 256100 349490
555 -913612 -30233
556 -40823 -179273
557 -969922 90409
558 -998670 193740
559 875761 171205
560 289939 -179318
561 -1081139 452606
562 788966 234885
563 814259 43000
564 -1061422 504454
565 482310 -154529
566 615250 -33935
567 -623137 773254
568 497608 -43834
569 -251629 307787
570 -93942 -179690
571 -257910 312564
572 810673 222483
573 271555 -179139
574 151839 -178251
575 -302519 -180787
576 742089 259819
577 48649 -178642
578 -615722 -66056
579 -1008253 645464
580 850918 101201
581 95120 -178251
582 -1088075 427974
583 328549 -179568
584 616279 324886
585 717102 -57495
586 -307091 355431
587 -469345 650131
588 335266 -179614
589 345261 356491
590 -596580 759141
591 -360188 -154179
592 -998087 -3794
593 -442915 616572
594 587008 -23117
595 -434522 603129
596 40089 234449
597 438862 362637
598 292655 353095
599 -962141 155337
600 851347 194616
601 684535 -55442
602 -790193 784727
603 -1045712 229497
604 -993090 189258
605 -958010 144869
606 -8172 232745
607 -564865 -65600
608 -987164 184416
609 548182 -10982
610 -398865 526906
611 830458 209337
612 226472 337560
613 502857 -119951
614 -858542 746387
615 -218133 286056
616 -367013 -144089
617 349550 -179722
618 -843805 756030
