1 101748 -42687
2 -114458 257524
3 -96714 263567
4 -5414 51961
5 -138817 255955
6 98152 349224
7 -326518 372834
8 -100069 -140361
9 207155 66993
10 -804338 158903
11 -528559 465056
12 -25398 78189
13 -514730 -46088
14 85000 358051
15 -304046 391980
16 109544 340771
17 179412 -3886
18 -776580 288054
19 -143089 -201349
20 -770811 431591
21 -412998 470038
22 208903 78583
23 -597209 461450
24 136313 -46967
25 -161868 -206968
26 -707596 47454
27 -757909 341746
28 -86980 -64832
29 22468 25383
30 -181454 89993
31 86433 302745
32 -113135 10757
33 191658 231204
34 50625 378137
35 -582825 -13416
36 -656611 22304
37 -694098 454850
38 -17733 410047
39 -238735 150934
40 -667318 457234
41 -349600 312821
42 -41466 139673
43 -784307 403688
44 -171354 296710
45 -609289 -840
46 -133755 -194950
47 -167012 74246
48 -451736 -77267
49 -358062 471652
50 193492 21950
51 -178562 406610
52 -167400 274912
53 -339062 262838
54 -534931 -36274
55 -88726 -94211
56 -454950 468425
57 83108 306825
58 -338237 -134413
59 -217299 466779
60 -131655 363720
61 -12953 214173
62 -156170 456648
63 -213392 410129
64 -137508 351572
65 -4312 221640
66 -567965 -20460
67 -158799 264393
68 96120 -39344
69 -117331 -176359
70 87797 284155
71 12384 396387
72 -681823 34513
73 10011 315002
74 -751810 442581
75 -170932 299176
76 -168029 308987
77 -318774 234194
78 182522 252673
79 -123491 -184659
80 28788 388913
81 70348 -18224
82 -809411 193719
83 -32908 180895
84 -251986 164587
85 -762976 437185
86 -35519 297996
87 -260210 470277
88 46474 248466
89 -36033 102225
90 -163030 318557
91 -43839 421423
92 -753492 78270
93 -374502 471261
94 -93027 -115890
95 11682 35241
96 -608376 460859
97 -165362 271514
98 76265 267897
99 -721409 55093
100 39768 245291
101 182693 1447
102 -327087 472122
103 85424 279241
104 -313876 385175
105 -329384 247286
106 -345362 339013
107 -645745 458681
108 -109697 258761
109 -320139 379759
110 -782782 393549
111 89266 295395
112 109883 -46256
113 61982 -10925
114 -806942 170703
115 -339799 471961
116 126818 -48834
117 -90560 -41273
118 -158279 325521
119 -127089 449649
120 -88172 -53128
121 -348584 323851
122 52671 251648
123 141810 311727
124 -141953 391263
125 76011 311912
126 -32027 91252
127 -263560 -172676
128 130079 -48402
129 -254838 470055
130 -808863 204950
131 -806181 225747
132 -139613 44908
133 159504 -31654
134 -132919 359695
135 -234501 -187951
136 136444 317264
137 -716827 451810
138 -105099 -152480
139 -224882 410424
140 200620 40575
141 -135651 385323
142 -149780 55759
143 -94346 -28302
144 -21812 304284
145 -419120 -93605
146 -95546 -126294
147 210562 97451
148 -771225 369521
149 72102 264182
150 85994 -31671
151 -485679 -60442
152 -781737 416739
153 -760967 349961
154 -305240 471976
155 158151 292408
156 -135370 354900
157 -174739 -207401
158 -46789 292111
159 -800194 245739
160 -192737 408703
161 -141257 346439
162 -78803 434887
163 19410 235612
164 -73184 276150
165 -685635 455709
166 51051 319057
167 -39838 118471
168 -747022 444426
169 153353 -37503
170 -493529 466811
171 -112825 -168627
172 -765810 359885
173 30344 18188
174 -152863 260576
175 -263849 407461
176 -246916 -181427
177 -429501 469354
178 -641072 14605
179 -184652 -206419
180 57492 318097
181 -147628 338592
182 166944 279907
183 -11859 308302
184 -252649 409170
185 207293 169607
186 -283595 471363
187 -127467 255484
188 -216467 -196896
189 -343913 273684
190 -158864 400685
191 -285400 401307
192 165234 -24898
193 73009 365609
194 -406643 -99835
195 204188 53516
196 -626721 7568
197 3396 226646
198 -169559 279664
199 -780143 386241
200 89116 289395
201 -317553 -144842
202 -130664 372711
203 204649 184584
204 -41402 143340
205 -785330 274784
206 -373579 -116473
207 -340961 351061
208 -26959 194454
209 126322 326879
210 -765765 303340
211 -144665 257300
212 -287202 -160290
213 -234925 410310
214 -196027 409096
215 -796696 137139
216 -398381 470509
217 65098 259127
218 -101779 -10365
219 -792337 262982
220 -285345 199076
221 -171651 290026
222 -773249 292662
223 -786460 117481
224 199935 205215
225 -763922 88359
226 -90913 -106423
227 39906 9306
228 209254 153344
229 170397 -17919
230 189629 13877
231 -199324 109331
232 144668 -43733
233 -222210 133926
234 -267483 180660
235 -731455 448887
236 -66228 280499
237 -194670 -204494
238 -167418 403730
239 64298 316446
240 -303360 217730
241 103677 -43710
242 -38397 163250
243 -348769 292198
244 -333871 363253
245 -87100 -76461
246 -231521 468166
247 -23652 200396
248 -756205 333409
249 42425 319358
250 -783530 411190
251 -437777 -84221
252 -357243 -124750
253 -755973 328248
254 -15435 63496
255 -741120 68177
256 -760702 311771
257 -132114 379357
258 -552639 463836
259 -176969 460762
260 -197913 464192
261 -782332 391818
262 -578604 462403
263 -303167 -152193
264 210642 133420
265 36970 319188
266 26405 318060
267 186251 244724
268 -212625 123710
269 211094 113900
270 -133652 38325
271 -86811 268312
272 -106742 443893
273 -152491 -205178
274 80734 272570
275 -153239 331913
276 -29965 415510
277 -778424 423191
278 60472 256123
279 -780277 108090
280 -150693 396801
281 -67615 430771
282 30381 241050
283 -774972 375941
