1 -1714494 -595085
2 -1417422 -1035236
3 256081 355985
4 -1134787 -495488
5 360570 112283
6 -790482 -363026
7 -717397 -349933
8 -603805 -194465
9 374696 72288
10 -449373 -255231
11 39117 291652
12 -1234086 -353397
13 -577443 -184431
14 -1399817 -317173
15 -1410170 -1028707
16 -1239941 -352389
17 -1670287 -475735
18 207940 344990
19 314493 10755
20 -531008 -18734
21 -553743 44241
22 -1271811 -832479
23 -1122972 -541370
24 -780648 -339709
25 -14336 274826
26 -1243810 -351685
27 -259088 186615
28 -791651 -305086
29 -1153194 -420622
30 -1159869 -393236
31 -1100434 -613848
32 -1072641 -565036
33 -1707355 -575432
34 224547 350428
35 -542573 -172540
36 59992 -80049
37 -1727761 -800472
38 -517458 -279901
39 -553879 66478
40 -1094998 -598011
41 -742661 -258786
42 -124596 236444
43 -59675 259979
44 -1344938 -917068
45 -726063 -352884
46 -1069063 -561719
47 -1118659 -552711
48 -548779 31964
49 337520 174975
50 -1147275 -445266
51 -717803 -246871
52 -1160596 -389893
53 -1729382 -812304
54 -1466624 -344214
55 -1502187 -359774
56 68448 301030
57 268345 349234
58 272777 342092
59 -943364 -463763
60 114796 -60390
61 -1059220 -553523
62 374460 73503
63 357120 27347
64 191946 -32790
65 -1095404 -565646
66 -1659147 -912817
67 -940563 -461907
68 -1314994 -874977
69 -20405 -108480
70 -509250 -81259
71 -1125444 -533129
72 -1706772 -573860
73 -587860 -304851
74 -1714488 -594985
75 -784140 -329913
76 -496635 -272381
77 -1302310 -860321
78 -1600236 -946647
79 -819594 -391141
80 -1133903 -499640
81 -1249534 -350084
82 302269 266645
83 -180871 215461
84 -1733950 -857427
85 297846 277792
86 -863518 -409568
87 -1143277 -460696
88 -510645 90849
89 294075 288003
90 -1271623 -307269
91 -1728382 -676670
92 -1207717 -780762
93 287485 1756
94 -950216 -468411
95 -891646 -439937
96 -192071 -162570
97 -1514380 -365043
98 -811466 -375545
99 -1129473 -518298
100 -781351 -372217
101 -567658 -297699
102 -1297108 -291013
103 -1156797 -405313
104 -232437 196434
105 -815697 -377927
106 286050 308752
107 -1566686 -390541
108 -841147 -393517
109 -1034634 -525771
110 -830569 -386561
111 -1475548 -348253
112 -1383386 -985750
113 -1230670 -800288
114 -115609 -138539
115 -781041 -372033
116 -1271763 -319478
117 -303512 170117
118 -564778 -179688
119 -949799 -479548
120 1504 -101217
121 -207621 205647
122 182960 -36124
123 -1551761 -382811
124 110503 -62068
125 346074 21016
126 -532602 -12843
127 -1728270 -804451
128 -551628 -175270
129 -428996 122119
130 -691393 -340982
131 -1383068 -310941
132 -1439585 -1039682
133 -1266024 -339907
134 255981 355990
135 351645 136883
136 -1140068 -473982
137 -539844 11368
138 -482346 -267222
139 -1127374 -526018
140 343678 158730
141 26693 287697
142 -1131767 -508564
143 -503305 -156974
144 -866621 -422924
145 372445 80918
146 -874638 -417296
147 -1122062 -684513
148 -494805 96928
149 -902545 -447277
150 -753786 -362146
151 -1466624 -344214
152 -666512 -219718
153 -779932 -345154
154 -1137308 -713655
155 -632683 -204768
156 -1631158 -422711
157 -545729 25195
158 -789326 -361985
159 -40875 -115018
160 -893630 -430020
161 -1299762 -857550
162 -1281864 -840864
163 -1433609 -1040296
164 -733832 -254643
165 -1071966 -552154
166 228172 -19868
167 -503305 -156974
168 -537136 3816
169 -1331291 -293627
170 -1569261 -391908
171 368828 38649
172 -537486 -171004
173 -535718 80547
174 -518927 87578
175 -275638 -192237
176 -245203 191695
177 -1283015 -841805
178 -1108847 -644450
179 -462000 109529
180 -1157229 -403988
181 -551981 39642
182 -99569 245848
183 221799 349571
184 -501556 -100688
185 -504638 -92616
186 -448000 114903
187 -1647861 -919117
188 -22344 -109180
189 -1727110 -747935
190 -1732725 -835961
191 -1638814 -924197
192 -1348243 -922803
193 -1271629 -307369
194 314585 234156
195 -789667 -316906
196 -783835 -356565
197 -459246 110486
198 -1309732 -291152
199 -1107361 -639020
200 -170449 219421
201 -1144703 -455414
202 339276 170276
203 274944 337573
204 -1727341 -796289
205 -1472958 -1026818
206 351313 23545
207 145115 325150
208 -1488565 -1016988
209 -1360710 -944780
210 -1429073 -1039732
211 -1026957 -520666
212 -785916 -289264
213 147443 -48883
214 -1663352 -459977
215 -496781 -114657
216 -745014 -359101
217 -1112555 -562344
218 -1015227 -512769
219 -619613 -199945
220 -1091216 -564063
221 -513100 -162368
222 -801571 -370156
223 -526605 84376
224 -536740 -286702
225 -692158 -233294
226 -309540 167830
227 -923011 -449909
228 99682 -66007
229 -219977 201088
230 -1171689 -372288
231 -879081 -431383
232 -1249152 -814741
233 -1096319 -565898
234 -1239025 -806860
235 -1581249 -958857
236 136565 322494
237 -515719 -65198
238 128870 -55520
239 -1113836 -661312
240 -1668238 -471036
241 278383 328680
242 -492650 -137104
243 -972963 -495458
244 -1250512 -349632
245 -77422 -126421
246 -1027569 -532350
247 -669397 -221269
248 -1124578 -690490
249 -1712485 -881583
250 -1633959 -424567
251 -541533 -288353
252 -220624 -172389
253 -1326135 -292696
254 234002 353137
255 -662025 -330905
256 -523702 -43651
257 -145024 228803
258 -1726352 -779317
259 -790890 -300119
260 -1671105 -905982
261 323825 209839
262 -163917 221782
263 -1166244 -375377
264 -1165513 -376718
265 -531842 -284956
266 -347302 -218322
267 233497 353063
268 -705963 -240682
269 288810 2187
270 213647 346893
271 -780189 -350047
272 -1088179 -584450
273 -791351 -307004
274 -492935 -131081
275 -901413 -435220
276 -998201 -501245
277 -1112770 -658164
278 -1320669 -881990
279 -170071 -155512
280 -1545425 -982264
281 29568 -91172
282 -1111220 -563615
283 -470483 106268
284 37898 291315
285 -515371 -66218
286 77913 303938
287 -528693 -28068
288 360352 29781
289 -1064047 -546260
290 -1260473 -344804
291 -1155156 -412208
292 -1018548 -514999
293 184189 -35588
294 -595737 -191483
295 -1389911 -313487
296 -1484161 -352107
297 -332317 159310
298 -335051 -213857
299 273508 340752
300 -1367908 -957922
301 -129457 -142920
302 -1140642 -471549
303 -1198481 -359969
304 33342 -89868
305 -1460773 -1033164
306 -1722329 -622313
307 224494 -21278
308 367002 95523
309 -1161532 -386740
310 -1682048 -507163
311 -454066 -256888
312 -513819 89513
313 -1260956 -344478
314 -122635 -140774
315 -1664881 -909513
316 -1246475 -350945
317 -594713 -191036
318 -1728368 -695497
319 -1176209 -750870
320 -1459850 -341064
321 -1120258 -548822
322 -1264076 -826275
323 368422 92044
324 -1541687 -377832
325 4804 280833
326 -62014 259300
327 -1627343 -420607
328 -656008 -328817
329 -958937 -485778
330 335037 181113
331 -1117034 -556101
332 -1691476 -534207
333 -792763 -364509
334 -556301 58494
335 330804 192050
336 -1205777 -357784
337 -641376 -208218
338 -1204989 -358026
339 -1309033 -291189
340 376066 60200
341 -512585 -162095
342 -327109 161240
343 269911 -4932
344 -1409099 -320392
345 -1729571 -813996
346 -1622671 -933355
347 -483775 -267748
348 -494656 -146712
349 -1073942 -553552
350 -829118 -385635
351 -1128728 -698984
352 -749551 -262230
353 335752 17051
354 -1427859 -1039496
355 361706 109119
356 -1392543 -1001892
357 -1731886 -829496
358 -1452156 -337562
359 319082 222505
360 -1413029 -1031661
361 -1123582 -539635
362 -1423898 -325725
363 -1402867 -1019276
364 -1049065 -535530
365 -1304014 -290951
366 -1121930 -544428
367 239783 354536
368 325372 13890
369 -498417 -109565
370 4699 280738
371 -579393 -301890
372 -1217976 -355543
373 -1221989 -793233
374 -1341019 -295821
375 -677017 -225276
376 -494430 -146223
377 -1124860 -535363
378 -429471 -248063
379 -1689561 -895101
380 -4922 -103484
381 -1082000 -575461
382 -260429 -186726
383 -1393205 -1003059
384 -788342 -320280
385 -1130120 -515360
386 337281 17572
387 -1149169 -437456
388 -1459990 -1033506
389 -635201 -321596
390 -1211622 -356577
391 -535547 -2174
392 -595102 -307375
393 -1669349 -906875
394 342279 162609
395 -1700994 -559143
396 63361 299494
397 -1726421 -774908
398 -424802 123802
399 -518624 -164582
400 -492888 -132085
401 -1316165 -291616
402 -1191779 -765175
403 -1337104 -905161
404 -1220757 -355097
405 -932042 -467461
406 -1238853 -352646
407 -1120884 -547387
408 -774381 -277452
409 -631559 -204326
410 229230 351885
411 -1332770 -898880
412 -1151810 -426703
413 -323310 -209566
414 -1330169 -895111
415 -1110260 -650384
416 -492698 -136100
417 -1422162 -1037792
418 172287 333440
419 -1733868 -848218
420 188784 338683
421 -1734151 -853611
422 -1721248 -876818
423 -1129291 -700157
424 -82111 252243
425 -1700069 -556788
426 375699 55112
427 -258490 -186026
428 -1011089 -521698
429 -1452056 -337567
430 -502603 -97729
431 -1090496 -563700
432 272670 -3875
433 -409463 -240800
434 -1732589 -835268
435 364183 102881
436 256326 -10028
437 310452 245088
438 -1154509 -415146
439 -779964 -345753
440 -410087 129439
441 -914083 -443868
442 -538624 7900
443 -834085 -388680
444 -556326 54190
445 -1727613 -734590
446 -1103874 -625985
447 -1268484 -337174
448 -619513 -199951
449 -1443343 -1038784
450 345359 20753
451 -1063527 -545887
452 -863715 -420973
453 -518995 -57016
454 -779416 -281794
455 -1151805 -426603
456 -1035564 -526324
457 373483 47218
458 371914 82248
459 -511285 -76145
460 -1233492 -353528
461 -1731308 -826122
462 -1388461 -994696
463 -531174 -169032
464 -1733929 -858930
465 -307591 -203881
466 -1727682 -732083
467 -1269810 -333800
468 249480 356131
469 -122966 236960
470 64580 299831
471 -205582 206342
472 -781849 -284270
473 -1653722 -444359
474 -1126722 -528856
475 -783404 -355987
476 -374041 -227936
477 -625000 -318025
478 -1257391 -821018
479 90810 -69047
480 -883566 -423337
481 -1073592 -565988
482 374728 49956
483 -787811 -321609
484 -781760 -353269
485 -1277917 -295523
486 -1335338 -294417
487 -534616 -5427
488 -1351709 -299166
489 -1630351 -928947
490 -1595879 -949479
491 -1274111 -299328
492 -1188184 -364114
493 -1037330 -527533
494 -934328 -469043
495 -385665 138774
496 375775 66124
497 -316778 -207205
498 -975867 -485892
499 301291 269000
500 -1574668 -963208
501 -600946 -193413
502 -791825 -302673
503 -1647961 -919111
504 -1095460 -599189
505 -1435660 -330416
506 -1179879 -368054
507 -1396179 -1008211
508 -1733737 -847624
509 -275843 -192327
510 -1048400 -545778
511 -508681 -276756
512 -1146770 -447095
513 -794213 -365434
514 -1155750 -410174
515 130353 320517
516 -391190 -234147
517 -781423 -352586
518 -1135702 -491936
519 -1100544 -614043
520 -1704521 -886306
521 -339265 156670
522 -840220 -404480
523 -859981 -407049
524 -729008 -252392
525 -961949 -487824
526 -1489537 -1016436
527 -518214 -164404
528 -912409 -453970
529 -1519873 -997222
530 -1093365 -564951
531 -1378972 -977970
532 92849 -68353
533 -495329 -119440
534 -549818 71373
535 -557946 -177342
536 159368 329610
537 -1728362 -672466
538 138052 -52296
539 -1609945 -940831
540 -707301 -346457
541 -551366 38008
542 -805286 -372264
543 -738352 -256809
544 -289217 175376
545 -462543 -260048
546 -499979 -104976
547 -356434 150060
548 -550025 34933
549 323538 13285
550 -755626 -265417
551 -507646 -85048
552 -498901 -153199
553 -1726576 -785514
554 123431 318376
555 219859 348871
556 -551628 -175270
557 -1420934 -324578
558 -1726618 -763381
559 -1568959 -967012
560 -618473 -315764
561 251633 -11685
562 -1638914 -924192
563 -529235 -168332
564 -725858 -352794
565 -709358 -242407
566 244340 355499
567 -1680640 -503231
568 280681 322852
569 91562 308330
570 -348831 -218843
571 -1696729 -548451
572 195105 -31754
573 -1185046 -365380
574 -1099761 -566619
575 -1181929 -367045
576 -1613264 -413735
577 -1727168 -749033
578 -1372237 -966006
579 371586 43512
580 -1454402 -1035801
581 -523932 -166507
582 -1189456 -762894
583 -1405368 -1023050
584 -1019387 -527171
585 180333 336022
586 -1502505 -1007846
587 -1730642 -821050
588 -807312 -384175
589 -493614 -126840
590 -526910 -34170
591 -888845 -438081
592 -1718438 -607296
593 371577 83467
594 -984288 -503276
595 -414566 -242635
596 -496513 -115272
597 375473 52721
598 -782815 -333287
599 -657058 -215107
600 323925 209834
601 -841365 -405321
602 300645 6374
603 -1728108 -872052
604 -1292020 -291380
605 -1499833 -358796
606 -1396284 -1008305
607 -1349241 -924653
608 -220829 -172479
609 -934535 -457717
610 -1521049 -368098
611 200598 342470
612 -1008498 -520031
613 -1726713 -763276
614 -1099262 -566645
615 -1728097 -709430
616 -1580786 -397813
617 -1393895 -314980
618 350846 138828
619 -1536142 -375218
620 -550559 70610
621 -1430746 -328370
622 -1510069 -1003143
623 -1309976 -869032
624 265774 351772
625 -951152 -469063
626 -1727924 -872362
627 -1271459 -313686
628 -545093 23960
629 293097 290358
630 -1080479 -557916
631 -1716285 -879581
632 261805 354383
633 -1374223 -969507
634 300545 6379
635 376097 60799
636 -260728 185900
637 -1472858 -1026823
638 -521803 -49458
639 -494819 -121169
640 247167 355952
641 -527930 83944
642 -488572 99305
643 -146768 -148422
644 288086 303638
645 347548 148514
646 120378 317434
647 -1703838 -886643
648 -1734172 -854010
649 -687523 -230834
650 -1487746 -353622
651 -1731756 -867155
652 48462 -84151
653 -1114248 -560252
654 -1151705 -730425
655 -238072 -178584
656 -1492454 -355578
657 -910031 -441077
658 194586 340482
659 -1656501 -447718
660 -50494 263203
661 -1381615 -982538
662 -46415 264591
663 -1198476 -359869
664 140943 323867
665 -1210875 -783701
666 -172011 -156211
667 -1274558 -298303
668 -1045079 -543549
669 -476610 103986
670 -1401857 -317868
671 -1451942 -1036631
672 -1248941 -814551
673 305871 257044
674 -534483 81183
675 -1279279 -294751
676 -877129 -418968
677 281307 321418
678 -493075 -141388
679 -401510 132595
680 -1180397 -754356
681 -440796 -252075
682 -1690993 -532630
683 -1733245 -863071
684 -555689 51052
685 -1558309 -973979
686 -1618498 -416164
687 -1106657 -566358
688 -1363810 -950426
689 -780985 -338490
690 -799400 -368868
691 354314 25391
692 -1103984 -626180
693 -826215 -395200
694 -1269373 -335025
695 -1660411 -453522
696 -206955 -167598
697 -85773 -129087
698 364115 32788
699 -10673 275936
700 -1725910 -874070
701 -1482561 -1020907
702 162217 330463
703 -505595 -89862
704 -816417 -378290
705 -905774 -438195
706 -140252 -146360
707 269281 347983
708 328501 197778
709 -1732398 -866020
710 -1535033 -988417
711 -1082965 -559488
712 -295136 -199326
713 -555040 63435
714 -1555981 -384993
715 -1054057 -539073
716 240002 -15782
717 -1271651 -324992
718 -1730289 -869735
719 -1159275 -395269
720 -800622 -380720
721 -1479754 -1022757
722 -494098 -124611
723 -29371 -111415
724 -1224341 -354709
725 -787119 -291204
726 -1162400 -384191
727 361398 30627
728 -1148659 -439185
729 -1116850 -556411
730 -498901 -153199
731 -810336 -375004
732 -842293 -394358
733 -215688 202666
734 -289112 175471
735 310547 244982
736 -1539990 -985553
737 -1584729 -956472
738 -492949 -140894
739 -573050 -182759
740 -244705 -180941
741 -773861 -277078
742 -544199 21911
743 -1382249 -310584
744 -1375385 -307639
745 -1621499 -933917
746 -1359943 -943519
747 -79352 253300
748 -467236 -261705
749 -1370177 -305709
750 -555347 49933
751 -498683 95530
752 -1132403 -505427
753 -561409 -178462
754 -785481 -326838
755 -1342979 -914066
756 -1584696 -399811
757 -61130 -121266
758 -1300408 -290940
759 213138 346720
760 297152 279831
761 -519647 87215
762 -854674 -403222
763 -766672 -271747
764 -1165957 -742496
765 -274917 180735
766 206206 344379
767 -585001 -303799
768 107954 313479
769 -1285371 -292529
770 -1408147 -1026409
771 -1723003 -875925
772 -990928 -496218
773 -1698397 -889832
774 315508 11002
775 -1693156 -893010
776 -1317474 -291748
777 -1059985 -543269
778 -868300 -412922
779 169033 332509
780 -1413870 -1032418
781 -1412362 -321523
782 -138076 231443
783 -1254927 -347898
784 -529451 -25325
785 -1261569 -824304
786 -553569 43731
787 -762537 -269260
788 -102880 -134499
789 -525261 -167038
790 -698028 -236391
791 -977217 -486823
792 -356639 149970
793 315806 230688
794 -1514333 -1000416
795 -1422057 -1037697
796 -36845 267595
797 -1563156 -970921
798 -1708989 -883669
799 91357 308241
800 213478 -25107
801 -389456 -233537
802 -1137412 -484436
803 110707 -61978
804 -675589 -335602
805 311445 9913
806 -1602890 -408771
807 -806936 -373179
808 -1710740 -882676
809 -1105170 -566636
810 -1290827 -291542
811 -1387363 -992851
812 -1003083 -504594
813 -1591076 -403081
814 -1271119 -328224
815 -1170512 -372750
816 -698330 -343422
817 -1367251 -956854
818 -482339 101683
819 -1698781 -889511
820 270385 346123
821 -1189162 -363662
822 -287789 -196707
823 -1721316 -618260
824 346754 150558
825 -984498 -503465
826 -1609845 -940836
827 -526844 -283215
828 -1548776 -381265
829 -641476 -208213
830 -1534933 -988422
831 20891 285898
832 -791728 -363862
833 -1142294 -720904
834 -1284777 -292661
835 -1686165 -897182
836 -1663358 -460077
837 276185 334504
