1 -312137 -336199
2 -640215 -565891
3 -373789 -373729
4 -1404612 -754003
5 -273366 -314371
6 -378473 -377679
7 -1791442 -806753
8 -391621 -458459
9 -1509388 -754568
10 -1808503 -900773
11 -1156913 -873221
12 -490582 -469529
13 -487332 -469337
14 -811287 -699444
15 -2012830 -924097
16 414329 85886
17 211972 -350840
18 -1306322 -807617
19 509767 -28626
20 -283337 -395493
21 -715556 -619614
22 -1548679 -755295
23 127731 -57610
24 -1913825 -844996
25 424998 -185905
26 -600058 -500432
27 -1200997 -819180
28 85829 -82176
29 538624 39992
30 554527 106001
31 -595673 -545716
32 -381506 -380806
33 306060 -299143
34 362912 -257656
35 456853 -132616
36 -1539644 -850229
37 -1738947 -791191
38 -874875 -690770
39 -414860 -464872
40 -92969 -200445
41 556391 99354
42 -2003524 -897763
43 -696951 -538400
44 -1655351 -838368
45 -1679461 -841700
46 -106229 -382047
47 -415927 -465138
48 -639601 -515856
49 -1221469 -823460
50 -1025523 -783056
51 527475 128937
52 320924 40130
53 -778899 -568520
54 -389967 -412185
55 -1556150 -755920
56 319007 39137
57 -939692 -747434
58 -724728 -549345
59 -1149392 -868666
60 -699710 -605872
61 -946914 -700692
62 -349453 -357252
63 -1521310 -852666
64 -1510868 -754421
65 -364836 -367065
66 -1844567 -822678
67 -645594 -518278
68 -1987215 -880505
69 -1532005 -851519
70 -430238 -466851
71 494781 -62353
72 -495996 -515608
73 -1012052 -689519
74 -1104994 -731346
75 -1125080 -852916
76 -1124274 -766865
77 -432275 -466947
78 -1590835 -760240
79 -1421192 -853263
80 -1247131 -826354
81 -1972650 -975297
82 -599603 -547314
83 204305 -354813
84 101988 -72582
85 -1730111 -855565
86 260617 -324798
87 63993 -95866
88 -456458 -509254
89 -1182148 -814172
90 349517 -269241
91 -1437465 -850827
92 -358994 -487221
93 -1631367 -766326
94 466078 111053
95 -1282307 -916337
96 -1387140 -891047
97 -363865 -366411
98 -1761531 -797749
99 99028 -74351
100 -1593433 -840348
101 -1124930 -769605
102 426411 91578
103 -1322208 -921235
104 -971665 -758085
105 377841 68544
106 -385730 -385775
107 -172385 -254359
108 -1975996 -974277
109 10273 -130490
110 -1939763 -977404
111 -961027 -697409
112 141447 -382956
113 -1800495 -893623
114 -977493 -692548
115 -1150271 -801483
116 -380356 -440398
117 -1171519 -880779
118 -1666757 -772779
119 -1298031 -813589
120 527693 128889
121 -1718061 -785262
122 -800684 -693194
123 -824427 -652942
124 -1298219 -919068
125 -1905294 -970150
126 -303258 -409426
127 -1328501 -786042
128 193776 -360118
129 -1285133 -820267
130 -1977873 -874569
131 -811168 -625519
132 -2004908 -900479
133 -1584626 -759516
134 -1044375 -794250
135 -179370 -368953
136 -649241 -571027
137 -312068 -418734
138 -1338874 -775024
139 -2005248 -901182
140 282186 -312928
141 -396473 -460906
142 533231 26899
143 441726 -159576
144 -1880962 -961094
145 -103586 -382728
146 -56128 -393260
147 -815193 -701552
148 75539 -400110
149 -443893 -467885
150 -288117 -398231
151 -1868316 -829939
152 -109808 -211858
153 -794183 -575835
154 -296876 -327550
155 -1955407 -977903
156 -990903 -765664
157 -475960 -512055
158 43765 -403291
159 -157948 -244473
160 -1963580 -976952
161 -2013073 -925600
162 359135 59242
163 472951 -103764
164 -1521830 -754269
165 -140745 -232866
166 551524 111848
167 -318865 -428261
168 -1999810 -893230
169 -853306 -679311
170 -260604 -307273
171 401161 -217614
172 -1886777 -835675
173 -1663282 -839212
174 -1827700 -920091
175 -299788 -406397
176 -45023 -167878
177 448367 102308
178 -739534 -643731
179 -1398960 -867198
180 -1387890 -889276
181 167205 -36534
182 -635242 -563517
183 -1403691 -753980
184 -856339 -681201
185 -325980 -441063
186 -1088682 -825703
187 -1498658 -854232
188 457902 107056
189 -377578 -497420
190 -902456 -736810
191 -390990 -458096
192 -1134280 -788323
193 -1303992 -919889
194 -1409287 -858436
195 69088 -92740
196 -471907 -468789
197 -575731 -538065
198 114132 -391621
199 361222 60381
200 -1582083 -842053
201 -1932627 -852672
202 -1271828 -914137
203 539695 123739
204 -68268 -183774
205 -397055 -461051
206 -263007 -385683
207 -1364742 -757667
208 -2634 -139068
209 -615269 -506389
210 -805205 -592805
211 546299 57984
212 -55231 -393551
213 -1122823 -851220
214 533076 127139
215 -389104 -391254
216 -965489 -696048
217 -334235 -455901
218 -1375412 -754968
219 343596 -274015
220 -67832 -183459
221 163232 -374432
222 -437564 -507326
223 145491 -47823
224 -758400 -561863
225 -861725 -684399
226 449641 -145854
227 -395626 -502332
228 -24909 -154309
229 -331110 -346907
230 -1818938 -911001
231 -1669789 -773432
232 -828553 -657475
233 -227608 -289152
234 40312 -110840
235 -1897159 -839089
236 -1441054 -850897
237 -1619578 -764418
238 499752 126869
239 -374566 -374335
240 -378985 -497977
241 -980354 -691819
242 -1562942 -756789
243 -1018706 -779398
244 -1029250 -692879
245 -1201312 -819156
246 -1199831 -893300
247 -546372 -480141
248 -1447082 -756450
249 -635647 -514355
250 472847 114493
251 518211 130132
252 -1038541 -695299
253 555870 81601
254 272207 15616
255 -1656448 -770724
256 -807907 -609247
257 -14344 -400878
258 -967225 -756463
259 -1286334 -917135
260 -2012958 -934332
261 -827655 -656529
262 -385797 -453709
263 281548 20316
264 -1128988 -780614
265 -479550 -512538
266 -935879 -701961
267 434952 -170850
268 -1485222 -853974
269 -796851 -690795
270 -1067912 -810218
271 -752263 -559611
272 -771907 -673033
273 -1984400 -878154
274 -592271 -497357
275 -1340446 -920423
276 -890982 -733228
277 461806 -123548
278 -1293910 -816065
279 518050 -9350
280 -185633 -263227
281 -391242 -397147
282 553246 74763
283 -340596 -466350
284 -1980967 -972527
285 374517 66993
286 -835907 -665183
287 -1660305 -771377
288 -808053 -609902
289 -388398 -500735
290 116145 -391016
291 -1938478 -977186
292 -983697 -762734
293 -379468 -378649
294 549919 66616
295 352235 -266915
296 -387980 -416430
297 471834 -105898
298 -1393896 -874696
299 -77348 -388760
300 544932 119686
301 -921134 -742085
302 -761166 -562759
303 301879 30538
304 -111312 -212851
305 -1406571 -860233
306 -814933 -635631
307 -386434 -386672
308 -1627022 -837489
309 -1716921 -784875
310 -677980 -530991
311 199860 -20353
312 -2006566 -952114
313 -163771 -248398
314 -1961132 -865242
315 25244 -120677
316 -1546895 -848842
317 -799255 -579882
318 -1469686 -756315
319 419876 -193057
320 -391590 -408982
321 -900443 -699000
322 -1377037 -754651
323 339799 49577
324 -459319 -468433
325 -1466582 -756365
326 -1260719 -911573
327 -979088 -760966
328 -1250531 -909033
329 -801755 -583906
330 -549484 -529253
331 -425217 -466321
332 -400403 -462092
333 -1380720 -902329
334 534227 29518
335 545498 56238
336 -1917852 -846618
337 -522024 -521582
338 -126817 -223416
339 99820 -395396
340 282251 20800
341 349067 54155
342 -767442 -669446
343 -246120 -299230
344 -1052465 -700626
345 -1603861 -839032
346 -1611550 -763137
347 -1856138 -826284
348 -334357 -456240
349 -1965111 -867471
350 -1890108 -964920
351 -1876054 -832384
352 -1259452 -826128
353 514718 130085
354 -1568963 -844656
355 -1221809 -901047
356 -354480 -483003
357 -1768588 -871961
358 -570365 -488906
359 -1113117 -844265
360 -1122108 -756122
361 305906 32573
362 423281 90076
363 -941579 -701836
364 -1345758 -768083
365 -756231 -659849
366 -1984289 -971191
367 -1506371 -853888
368 18298 -403663
369 -783797 -681975
370 -1135902 -860355
371 156142 -42178
372 -380405 -442265
373 -564548 -534143
374 259955 9367
375 20440 -123730
376 550070 113959
377 -1188795 -816035
378 -1628065 -837440
379 234481 -3374
380 -1453157 -851545
381 -2009863 -911196
382 400913 79758
383 64284 -402092
384 507805 128877
385 450831 -143599
386 -1785426 -804840
387 91305 -397209
388 176988 -368014
389 -244739 -378758
390 -1212227 -821671
391 52686 -103013
392 -1340033 -920424
393 -806494 -599207
394 252555 5564
395 -212153 -280043
396 -1354243 -762572
397 -918029 -741311
398 -1597700 -761230
399 -286856 -321857
400 -381888 -447891
401 556802 98117
402 -441080 -467596
403 -784234 -682290
404 -1319800 -795312
405 -404187 -463035
406 549554 66010
407 -217054 -283120
408 399001 -220110
409 -480323 -468929
410 -1470499 -853086
411 -1702360 -846997
412 -1491659 -755403
413 227494 -6765
414 -98453 -204079
415 500698 127208
416 -645650 -568895
417 -1890569 -965138
418 -386185 -454219
419 -802435 -585313
420 -1758354 -796854
421 -366710 -492236
422 237125 -1993
423 -1272499 -824228
424 -381877 -430574
425 -223295 -372587
426 73892 -89687
427 -169281 -369735
428 -426211 -466466
429 -1114313 -740265
430 -932002 -745207
431 -1046570 -697816
432 -1637645 -837458
433 4183 -402854
434 -1452332 -851545
435 7628 -132283
436 -562098 -533222
437 -529246 -475253
438 -1686138 -776890
439 -577988 -538936
440 -1810824 -812513
441 -388928 -457273
442 -1700984 -780592
443 -183129 -368756
444 -41772 -396276
445 -1089289 -826163
446 -412023 -504771
447 -517288 -472787
448 -1135809 -790044
449 -893335 -696918
450 13205 -403490
451 -1845344 -938609
452 -1527918 -754241
453 -561146 -485371
454 -1066561 -707747
455 -1492799 -755378
456 -1566272 -845119
457 -1271650 -824326
458 -1202645 -894414
459 -1420198 -853530
460 -293892 -325879
461 501994 -47054
462 -628909 -560393
463 -1089076 -719957
464 -1041440 -792384
465 -338535 -351026
466 -813136 -631679
467 147681 -380680
468 -827178 -707632
469 218687 -11125
470 -1820419 -912504
471 -716019 -545834
472 -455026 -468291
473 -33377 -160028
474 -130795 -376526
475 -1776402 -802178
476 -788870 -572758
477 -1990811 -967355
478 -194649 -368846
479 370848 -250216
480 475476 -99425
481 -1363239 -758322
482 -382822 -428027
483 -209057 -370171
484 512609 -22249
485 248268 -331485
486 -319659 -340342
487 -1200 -402341
488 -836490 -665740
489 -345451 -472507
490 -1128575 -779790
491 -351952 -358802
492 -1651300 -838080
493 -1755875 -865905
494 -865510 -724197
495 -324802 -343273
496 409695 83803
497 -1245482 -826355
498 -387859 -416916
499 -860342 -722187
500 -679084 -589805
501 -159823 -370881
502 -809611 -618948
503 -1247038 -908162
504 -1731257 -788964
505 -413333 -504891
506 -886979 -731920
507 272796 -318258
508 -1687902 -843392
509 -738095 -554430
510 445504 100976
511 388055 73461
512 -2010926 -943307
513 -1058376 -803409
514 -1413490 -754361
515 -1932656 -976560
516 -310075 -334963
517 -1851896 -943747
518 -38666 -163614
519 -588147 -495710
520 -1857958 -826841
521 -141465 -374240
522 296299 27704
523 -1567647 -757344
524 -1945557 -858267
525 -19922 -400001
526 -992989 -689507
527 -1511173 -853642
528 -1484397 -853975
529 -499440 -516260
530 -225212 -373168
531 -336518 -460386
532 -1856603 -946776
533 -706432 -611567
534 557551 93460
535 397977 78305
536 -503559 -470807
537 -1976976 -874036
538 -192297 -368775
539 -1106081 -839007
540 -614978 -506316
541 -213059 -370653
542 -2006711 -951944
543 -388327 -389824
544 -810219 -621470
545 -738847 -554721
546 -44391 -395693
547 -2012692 -935811
548 -1399010 -753740
549 -796634 -577579
550 408613 -208232
551 386405 72637
552 -1175259 -812042
553 -367268 -492478
554 -260969 -384763
555 -1904421 -969932
556 -851827 -718724
557 -1956474 -862844
558 -391659 -403331
559 -236973 -294167
560 -117918 -379396
561 -1745273 -861304
562 -1062306 -806244
563 -749594 -558740
564 380920 -240181
565 -805910 -596176
566 -1001574 -688968
567 -1399833 -866179
568 555036 104375
569 -1535897 -754478
570 297495 -304061
571 -391758 -406654
572 -1716211 -850966
573 -1917156 -973416
574 -1990103 -883389
575 3819 -134779
576 -462302 -468456
577 -305418 -411511
578 -659397 -523678
579 -1466449 -852797
580 533876 126823
581 -876573 -691399
582 -821708 -648554
583 -946162 -700814
584 -380596 -436541
585 -1717812 -851571
586 542192 121992
587 -660804 -524235
588 -1143720 -797170
589 383395 -237709
590 77431 -399844
591 -1285399 -820024
592 -237434 -294385
593 -619229 -555815
594 168782 -35832
595 -909466 -700425
596 461226 108606
597 -681352 -532347
598 -1327228 -921353
599 512317 129796
600 -1917860 -973489
601 520406 -3506
602 -1524366 -852397
603 -1185978 -887682
604 211312 -14613
605 -580456 -492659
606 141811 -382762
607 -776934 -567721
608 -2002737 -957137
609 -913007 -700690
610 45317 -403316
611 -1029672 -785431
612 -1775478 -875328
613 491552 123794
614 553222 74448
615 -501861 -470589
616 335977 -279419
617 -732249 -552251
618 -537427 -525525
619 -1298923 -919140
620 485487 120839
621 -2009885 -946242
622 -910049 -739012
623 471585 113766
624 335468 -279855
625 -865728 -686531
626 240819 -335506
627 334122 46719
628 -525171 -474237
629 -1267753 -913120
630 -849011 -676282
631 557356 91350
632 -128952 -376891
633 -1425266 -851805
634 139644 -50826
635 52225 -103231
636 -1169481 -879858
637 -321536 -432844
638 -1395858 -870960
639 -1309037 -920322
640 -893627 -696991
641 -680152 -590483
642 -630674 -512394
643 -1228044 -902911
644 -76814 -388833
645 -1798602 -892121
646 -551103 -481836
647 -1451084 -756520
648 156530 -42081
649 524900 6992
650 -1911933 -844318
651 -2013416 -930427
652 215223 -348999
653 -390282 -411748
654 314674 -293594
655 -691784 -536390
656 -1158811 -805673
657 -1622659 -764876
658 484218 -82816
659 -1708351 -848594
660 -721672 -625673
661 350328 54882
662 -516511 -472593
663 -1945415 -977885
664 497501 -56728
665 298514 -303600
666 -2008697 -908019
667 -430845 -506578
668 413444 -201978
669 -1309813 -804777
670 -1840757 -933859
671 -1746370 -793248
672 484274 120330
673 -327947 -444748
674 -1091648 -721629
675 -384662 -423539
676 -1255450 -826470
677 506172 -37355
678 545732 118958
679 -990103 -689921
680 -832128 -710103
681 262818 10699
682 -152294 -240693
683 -740020 -644264
684 -468220 -468695
685 -997890 -769055
686 -381330 -446824
687 -80352 -191940
688 -1784213 -881216
689 -23560 -399465
690 -1831680 -924381
691 179020 -30599
692 555044 78715
693 -1014065 -689712
694 -1209074 -896738
695 -1826155 -817160
696 -1807265 -899537
697 -408626 -463833
698 -1118901 -746253
699 -253642 -381493
700 -1073476 -711429
701 -2000781 -894297
702 540154 43363
703 -385244 -422447
704 -537930 -477624
705 -688912 -597099
706 -185099 -262888
707 -1389357 -753601
708 -451365 -508602
709 -1439297 -756261
710 -1873999 -957194
711 -845371 -673520
712 -390951 -395837
713 -1999392 -960219
714 -1431595 -850806
715 -1378998 -903858
716 -1129011 -855752
717 -342053 -353036
718 439390 97803
719 -1670171 -840105
720 -1231366 -825103
721 -385220 -499840
