1 148425 39512
2 181110 238520
3 150022 220477
4 -429177 -7090
5 -779947 116625
6 161124 -128948
7 382439 170497
8 -480731 -54759
9 -26221 -129826
10 273899 11179
11 -777209 -54489
12 -759584 -113393
13 -824531 -4020
14 381315 -90882
15 337989 -120926
16 -793586 101090
17 -787877 261951
18 371459 -100860
19 168011 141182
20 -771845 264255
21 159544 32305
22 53837 92076
23 -598913 -132580
24 403142 116216
25 280671 36921
26 -161039 221173
27 146981 216714
28 271521 69372
29 -874613 234122
30 -799304 -18997
31 75661 80136
32 345041 -118016
33 -514348 147931
34 -439633 -129062
35 138003 189778
36 183253 239077
37 148476 -128934
38 398087 138688
39 -773446 -78277
40 -205451 243842
41 160103 147851
42 132361 -128907
43 -353124 146987
44 -454192 -128859
45 -611494 -41784
46 190792 10627
47 355813 -112570
48 -772309 -85170
49 175884 21097
50 279089 -129010
51 -486193 198766
52 171781 235443
53 -409346 66478
54 279716 47389
55 -282807 -131312
56 -620481 121694
57 19909 -129438
58 375906 178536
59 -368122 122343
60 -919059 203231
61 -39665 144987
62 -892390 27030
63 -138376 -130999
64 -920862 51226
65 -912634 209311
66 -275862 235675
67 -782753 -38057
68 -713202 126583
69 44578 97152
70 -767561 -100926
71 -678357 124887
72 87316 73755
73 243470 -11919
74 254454 229870
75 -796081 89692
76 -325710 -130795
77 -339553 170706
78 -720656 267688
79 195367 125680
80 -775674 -62912
81 -627979 -134643
82 -779892 -44666
83 -939601 82101
84 -69342 163512
85 285998 -128816
86 -674507 269517
87 240676 103833
88 98966 -128893
89 -698304 -135599
90 -24275 135427
91 -582353 120819
92 276148 15978
93 140357 44408
94 -552198 -129787
95 -941317 169938
96 -746770 126127
97 -593333 270842
98 -697846 268550
99 322153 -125368
100 -673404 -9613
101 -384623 99465
102 270165 5178
103 277579 19650
104 -791287 105445
105 -829602 252025
106 312204 -126940
107 -372807 115604
108 -785116 -33868
109 194036 240833
110 -519751 261274
111 -683224 -136419
112 -534381 -128948
113 406281 -16959
114 -563577 -52042
115 406767 2672
116 -945695 156482
117 -770210 121278
118 -944981 98281
119 -883438 21874
120 -491741 -128324
121 -485372 207050
122 -504991 157942
123 -864096 239043
124 -936116 74349
125 -708696 268182
126 29396 -129358
127 -413381 60758
128 -601956 271084
129 4264 -129583
130 -551801 -53099
131 -929351 62645
132 174612 136526
133 362523 -108213
134 -76031 167753
135 224087 -128957
136 -774859 -68941
137 -5445 -129688
138 405955 84895
139 -96760 180762
140 396216 -67374
141 -686922 125407
142 -522637 -54310
143 -944045 162204
144 -813904 256496
145 -556681 269485
146 406564 -11886
147 390461 157225
148 -690544 -136164
149 -901992 33552
150 -498305 167292
151 -490312 183810
152 -204400 -131785
153 170443 -128977
154 19363 110825
155 188028 128903
156 346121 199615
157 280548 33622
158 -798551 260028
159 -501210 248513
160 -493999 239246
161 -948666 137740
162 -851497 244245
163 162041 230429
164 -645843 123109
165 -946984 150756
166 -111186 189756
167 -589812 270744
168 -326296 193623
169 405193 97635
170 265618 79013
171 144801 167007
172 -795836 84725
173 -334736 179080
174 272159 223721
175 182624 16411
176 -573160 -50872
177 -610889 121246
178 -943277 92353
179 -765819 46030
180 -302137 -131107
181 180559 132876
182 -173345 228921
183 -667323 -13652
184 -550309 268854
185 183674 -128970
186 406414 49303
187 -705246 126265
188 259199 87245
189 -753303 -119210
190 274742 62760
191 -691974 3009
192 -252219 243517
193 -629406 122218
194 -589225 -131893
195 232791 236788
196 -840785 2832
197 142254 172031
198 -311871 -130990
199 -741651 -125952
200 -617263 -133885
201 280115 29882
202 -419388 -129389
203 -295818 225459
204 -789383 67810
205 -429829 -12879
206 -49354 151095
207 -309644 215168
208 -506670 253433
209 -183647 234870
210 -14086 129285
211 307676 -127496
212 -666611 -136480
213 -151414 -131119
214 -498402 -54907
215 -82812 -130448
216 -578803 270500
217 153952 224341
218 -225832 246583
219 -234351 246298
220 -643677 270699
221 -465783 -128637
222 -458268 -50425
223 304855 213952
224 399682 132928
225 -914455 44298
226 -893406 223586
227 -511842 256990
228 -487340 193372
229 332402 205133
230 314085 211123
231 -729619 126892
232 139675 178941
233 34410 102711
234 -431916 -22701
235 -719164 126766
236 -525502 -128666
237 -663861 124047
238 -738192 126690
239 -119858 195214
240 -300179 222627
241 -745051 266512
242 144296 212585
243 -266470 239390
244 -486997 221853
245 228010 111585
246 340739 201843
247 400791 -53672
248 169585 25472
249 234842 107675
250 299514 -128146
251 359512 192214
252 -776596 118443
253 -427593 20766
254 -795133 80888
255 230584 -10987
256 -750534 36998
257 -682041 -3656
258 205029 121820
259 245752 232804
260 321269 208873
261 -783919 60866
262 -489450 230038
263 404950 -33085
264 -139485 207627
265 -946743 106319
266 -816148 -8115
267 269463 -129060
268 -61605 158759
269 -769616 48573
270 -948669 121403
271 -730799 -129993
272 396103 144315
273 -790634 -26840
274 -495926 171341
275 250451 -10366
276 -598967 120880
277 -564771 -130440
278 406290 73546
279 -900984 218546
280 -660470 -18145
281 -185841 -131537
282 126115 52568
283 -244656 245090
284 387372 -83133
285 -652540 -23011
286 -417711 53654
287 260334 -5021
288 -771572 -88507
289 140541 204781
290 -690048 268845
291 -154019 216789
292 250759 95834
293 -354060 145307
294 -509408 152808
295 -642191 -135526
296 -482284 -128382
297 -254019 -131575
298 112778 59884
299 246775 -129009
300 405485 94248
301 -925781 57332
302 -428639 5301
303 -86106 174088
304 208609 -128993
305 -886840 227612
306 -173885 -131403
307 -743534 33197
308 -355189 -130385
309 -566105 270042
310 -635507 -31981
311 -709467 -134383
312 -464922 -52481
313 -195450 240559
314 -397169 82613
315 -616323 271174
316 55249 -129143
317 -485617 202837
318 -428898 -2378
319 -757230 -115918
320 -837622 249320
321 -788439 109321
322 -344511 162000
323 216593 117048
324 215042 -4864
325 -422940 40958
326 -538984 131336
327 -623754 -37226
328 -104616 -130657
329 44765 -129155
330 -493568 175972
331 -163232 -131282
332 -791557 71526
333 -656359 270214
334 -531588 135185
335 -361565 132444
336 -658482 -136329
337 -735469 -128495
338 -935317 182180
339 406676 25030
340 96906 68535
341 -717025 -133210
342 -536882 266722
343 -53685 -130133
344 -931612 188044
345 -757460 265607
346 -755771 124932
347 -485684 213405
348 -474455 -54141
349 -551915 126277
350 241083 234303
351 257759 -129030
352 237456 -128980
353 387286 163033
354 -443453 -40924
355 -775856 53224
356 148995 160550
357 353950 195637
358 152435 155987
359 245131 100645
360 -399283 -129687
361 142425 209224
362 253767 -9047
363 -212560 245425
364 381211 172204
365 406747 14821
366 206604 241125
367 258377 88142
368 402248 -47837
369 -318867 204767
370 -329354 188418
371 138798 198284
372 -389191 93279
373 120380 -128818
374 -439519 -36700
375 -239015 -131728
376 -561349 123728
377 -67528 -130299
378 -425660 31560
379 367760 186123
380 -759817 42297
381 406550 35321
382 -278567 234515
383 406371 66445
384 330609 -123334
385 -860356 10750
386 -453052 -47992
387 -711987 15648
388 -573662 121574
389 -528015 -54107
390 -809124 -12138
391 276467 58634
392 -5272 124158
393 2498 119904
394 -596873 -46121
395 -491393 234499
396 260641 227688
397 -766424 122426
398 -770329 -93542
399 204191 1562
400 225242 238682
401 -526334 138478
402 -434204 -28359
403 -288584 229560
404 406384 58345
405 278762 23519
406 -847660 5522
407 -702376 9846
408 -748132 266299
409 -695017 125754
410 -778477 -49231
411 -725463 -131417
412 393711 -72697
413 -428575 8324
414 236230 -11970
415 -386471 -129952
416 -948923 125650
417 -874782 17359
418 289681 218407
419 -832117 -600
420 -38622 -130009
421 -526763 263993
422 -924004 197993
423 66984 -129035
424 -449642 -45897
425 77192 -128963
426 -507109 -54719
427 -377996 108538
428 -215161 -131738
429 -497900 244701
430 -518274 144428
431 404588 104993
432 265690 -232
433 206668 -128942
434 -342571 -130537
435 -369388 -130186
436 -307962 216618
437 199622 4557
438 -122731 -130855
439 -257645 242140
440 -794963 97334
441 220943 -7709
442 -783696 113952
