1 24278 452001
2 387193 81160
3 -513536 89830
4 285210 -144488
5 -490416 463011
6 -430257 771412
7 377726 -145692
8 429437 17727
9 -287986 621319
10 8529 426888
11 475880 -80619
12 410557 46371
13 461840 -33962
14 391697 74433
15 293096 743070
16 438998 554148
17 -520446 73651
18 -596696 566856
19 -657259 -142638
20 342710 -144919
21 -16957 -144038
22 3155 419462
23 -296049 633792
24 -75701 346094
25 -489227 468869
26 -525480 -147883
27 -239428 393744
28 -483274 510960
29 413973 -143831
30 -543720 -148406
31 -216400 303689
32 -741130 377658
33 -37548 -144058
34 -599406 576819
35 448023 -130463
36 -724991 329837
37 -710211 -63664
38 456107 -123511
39 -689291 681982
40 -244288 571029
41 -71028 -144022
42 -210575 499632
43 -672421 234497
44 -167963 304852
45 253951 744645
46 194880 -144497
47 -523368 142843
48 79229 -144189
49 62445 -144147
50 -772244 656504
51 -804555 621934
52 -737108 365938
53 -378835 779611
54 328972 736218
55 159739 721749
56 -644410 215312
57 297960 204827
58 -568184 175232
59 356984 124431
60 -306848 652470
61 -475930 581550
62 385191 684589
63 -558142 42981
64 51702 -144138
65 81871 579003
66 93102 606278
67 -514761 427341
68 -715029 303049
69 410938 635331
70 -515535 128097
71 -459553 732999
72 217744 742649
73 14261 435373
74 278918 342294
75 -258336 584876
76 -628349 5636
77 -542780 434754
78 -202615 300507
79 -613343 -147773
80 1079 -144089
81 -540058 432445
82 -584125 -149105
83 -562293 465351
84 -776933 653615
85 -156068 307749
86 -481818 522044
87 -11610 401693
88 -629848 660923
89 -649814 -5446
90 420906 30802
91 -626562 657157
92 383515 465193
93 -538795 54781
94 470082 -50651
95 176348 -144514
96 -673815 -137234
97 -516549 81095
98 359876 717715
99 137361 -144513
100 -48961 -144020
101 -744914 668681
102 -299299 -144744
103 -528521 149016
104 394091 477053
105 -569088 481351
106 -498593 441246
107 404174 648913
108 -332467 719493
109 100273 624370
110 475925 -76414
111 -703015 -113387
112 -124070 -144004
113 -577074 504072
114 186148 -144573
115 276018 338299
116 -275838 604867
117 437462 5389
118 402474 58398
119 353874 432345
120 -553040 448216
121 298000 366818
122 -559695 460137
123 283807 348845
124 -758049 427168
125 67491 543984
126 -69013 350733
127 445526 -7083
128 382340 689142
129 -367949 -145451
130 423667 609409
131 -687112 250073
132 -585722 28085
133 471251 -53700
134 430578 -139658
135 305653 194160
136 357066 -145216
137 391573 673620
138 110047 651080
139 -508111 431087
140 187951 735724
141 -603264 18714
142 -803954 562375
143 -467741 681513
144 345695 423159
145 -594500 189018
146 -227615 310478
147 -711683 -88803
148 -702535 -46310
149 -347423 758311
150 165670 725436
151 293778 210689
152 -214301 476201
153 -669890 -16499
154 432747 590313
155 -529701 62317
156 285956 743597
157 430545 525905
158 302081 -144579
159 -246726 336849
160 418189 506914
161 -513342 120707
162 -752507 411176
163 103605 633270
164 94983 -144232
165 323273 396942
166 -712262 -82422
167 -478860 547387
168 -535929 155866
169 370921 104815
170 -472020 636665
171 -587931 185606
172 -448559 754689
173 -188667 301122
174 260129 285708
175 -623313 652498
176 -25952 386547
177 260659 280270
178 348182 136399
179 435452 -137672
180 -236348 403013
181 -425306 774156
182 -180471 302296
183 -500125 438894
184 -606014 601406
185 -532962 59323
186 208324 741124
187 402746 486891
188 373221 453635
189 -590809 545299
190 308672 379882
191 -476465 572128
192 301027 370628
193 -519467 136679
194 -811164 595985
195 -613373 628352
196 30620 463235
197 434986 585070
198 109572 -144316
199 -461924 723566
200 -213273 -143837
201 -762588 440431
202 -700091 -42519
203 -231202 313495
204 288010 219260
205 452565 -126807
206 139805 704558
207 -211989 302159
208 -554966 451342
209 -20945 391660
210 -549104 48147
211 263305 744605
212 262301 310459
213 -224233 307917
214 315193 -144644
215 -614669 632615
216 -436207 767279
217 -354511 766356
218 -330215 710356
219 -325099 693800
220 -609671 15406
221 465537 -40700
222 342678 143795
223 -793902 532450
224 -579263 181029
225 -759983 662741
226 -221733 446706
227 -480979 528096
228 -368963 775968
229 -474044 610118
230 -399078 781456
231 -730942 347771
232 465944 -111127
233 259890 291672
234 -470866 649060
235 400554 656407
236 -485309 495738
237 -388385 781359
238 433204 589488
239 -343552 752506
240 -491296 459154
241 96852 615518
242 -249386 355359
243 319366 175582
244 -759081 430255
245 -737234 671398
246 -682056 -133123
247 260214 298238
248 -799241 631108
249 365854 111968
250 -810182 605388
251 -711009 -92949
252 313229 183900
253 -447438 -146323
254 -478177 553983
255 -464657 707702
256 -312560 663411
257 -32434 380421
258 262455 270928
259 -733523 355491
260 -115698 -143957
261 -176258 -143889
262 -637974 667714
263 -603299 -148424
264 -516379 -147554
265 -582694 520335
266 438419 550010
267 436757 541442
268 -487094 483236
269 73673 558851
270 -604004 193943
271 -661820 678531
272 -741812 379522
273 458298 -27769
274 -472712 628816
275 320267 738871
276 -642950 -1933
277 -363755 773195
278 -302276 644218
279 -529777 426861
280 -695097 261244
281 -431898 -146133
282 -608169 609689
283 437919 575098
284 419998 616817
285 415512 626050
286 -706481 679848
287 -81460 -144070
288 -284118 -144584
289 -102018 330382
290 -470098 -146568
291 -688062 -129108
292 -241665 326384
293 278515 234928
294 -210418 508578
295 -701089 -116513
296 270315 329455
297 -595156 560972
298 -245471 -144168
299 331617 406838
300 -728747 674126
301 -463306 716328
302 -247745 366570
303 434714 534456
304 -808358 576707
305 372818 703110
306 -80487 343030
307 21175 -144138
308 275188 240888
309 -52834 362802
310 256430 -144428
311 -456618 740976
312 171767 728803
313 107451 643715
314 -511596 102818
315 -620797 9568
316 -783996 503292
317 359970 -145340
318 454115 -20877
319 229973 -144512
320 -534791 428954
321 -421418 -145997
322 -320970 682479
323 -696158 681558
324 371956 -145581
325 218735 -144571
326 38996 479172
327 -786658 645971
328 295369 742839
329 475639 -71567
330 -788223 515468
331 -709342 -99018
332 -475107 593556
333 -342337 -145242
334 378722 93516
335 -46205 368160
336 -291691 626803
337 -768285 456967
338 -723081 324206
339 -566578 38282
340 159516 -144559
341 -256670 -144364
342 -708457 287058
343 -603499 592123
344 -193488 -143827
345 43902 489259
346 -152937 -143896
347 89216 596998
348 -512249 114842
349 -627171 205985
350 -579821 512111
351 360734 439977
352 -646117 -144812
353 -419918 776657
354 -633660 2863
355 358195 719219
356 144432 -144545
357 -549927 443518
358 337457 413662
359 -218732 457277
360 -773935 473590
361 -134900 -143946
362 -792790 639652
363 -212832 483390
364 -547477 440102
365 421904 512172
366 87689 -144191
367 -235069 406764
368 62645 532149
369 419566 -142816
370 -215461 531039
371 147238 711986
372 -396252 -145769
373 -628651 -146719
374 351876 724322
375 -510557 429356
376 -808102 613267
377 32277 -144117
378 180077 732657
379 -249450 575948
380 400483 -145272
381 271004 248810
382 -62966 355042
383 -566946 475933
384 -230381 420172
385 -162088 306169
386 49475 501376
387 -618516 643208
388 469726 -104305
389 -238125 321220
390 126700 686897
391 -469914 658822
392 344208 729258
393 -219918 305182
394 -744793 388377
395 -486274 488841
396 -694658 -35812
397 365583 711922
398 -684828 -26741
399 -707955 -56912
400 -721135 676309
401 -243292 381823
402 -707833 -103514
403 -690496 -31603
404 471964 -99029
405 -546844 163402
406 315079 740031
407 -246371 371525
408 -216931 534369
409 -468616 672509
410 -574929 178741
411 -487866 477718
412 248804 744640
413 76076 564836
414 56123 516670
415 -600955 582480
416 267037 -144476
417 -341129 748420
418 285160 223813
419 -230073 555832
420 -309333 -144899
421 414290 501529
422 135565 699591
423 -519160 426006
424 -781922 649977
425 474789 -66294
426 430878 594779
427 -88534 338000
428 -646186 672495
429 462365 -116346
430 -477273 563658
431 -800467 551753
432 -475413 589496
433 196117 738286
434 -117250 322704
435 -705594 -108757
436 291164 -144473
437 -573958 495255
438 88558 595191
439 439366 564920
440 -561242 -148869
441 -315101 668935
442 -329662 -145064
443 408460 493899
444 -147455 310292
445 -752283 665905
446 265650 260810
447 -503657 434792
448 -677160 -21158
449 -454068 746195
450 292237 359722
451 -272881 -144525
452 -225722 433940
453 -571094 486808
454 -553511 45560
455 244658 -144420
456 -235487 -144101
457 -238737 565779
458 -662182 -12082
459 276933 744026
460 -216226 467779
461 -588412 537454
462 -334349 727854
463 -411927 779317
464 459387 -120069
465 -639084 -145738
466 113671 660505
467 -3228 411453
468 -139231 313165
469 426839 602963
470 -595790 -148698
471 -202172 -143816
472 -525296 66964
473 -692523 -125606
474 -654494 676071
475 -794496 534266
476 -678740 240630
477 -465795 698843
478 -800944 553161
479 120795 676450
480 232351 744042
481 326135 166342
482 -488592 -146721
483 -666453 229588
484 -337187 739031
485 -666998 679915
486 -128298 317624
487 -637151 211288
488 -619377 201893
489 468126 -46136
490 -38305 374986
491 -718631 312020
492 -666858 -139947
493 5557 -144055
494 263763 315365
495 474307 -91295
496 -711874 -72233
497 386856 -145722
498 206380 -144583
499 334090 155529
500 -266251 593493
501 -444359 759792
502 -494076 450633
503 -585967 529695
504 -196573 300474
505 -575324 33640
506 -594604 23404
507 377253 696878
508 -658162 223506
509 -703250 275825
510 -99137 -143990
511 -249056 346259
512 -550731 165671
513 441034 -134821
514 265729 320564
515 -225580 549911
516 -712238 -77633
517 -364054 -145437
518 426977 519879
519 43243 -144136
520 -211798 519290
521 -511759 110569
522 -404789 780848
523 274252 335733
524 -654852 -8141
525 324013 -144616
526 -244448 331471
527 240558 744409
528 314095 386366
529 -811003 590293
530 -579033 31694
531 -679676 681797
532 268172 254839
533 -495558 447339
534 -610420 617797
535 20322 445276
536 -511990 97777
537 -524851 425845
538 -604884 597463
539 -540964 159571
540 -282111 613147
541 -485955 491066
542 130250 692476
543 -237279 320065
544 -779974 491572
545 -206976 301095
546 396794 66920
547 426587 -140876
548 -697900 -120453
549 118877 -144443
550 -165068 -143917
