1 866672 99006
2 150009 96894
3 -421472 -380641
4 968203 -235353
5 217014 97933
6 -221517 -312821
7 546413 -440698
8 341818 -71914
9 930822 -268078
10 453833 95796
11 479966 95308
12 -149784 11279
13 -371901 -404725
14 1048087 -47251
15 1048032 63214
16 100144 54928
17 453038 -127867
18 434207 -118718
19 -322452 -253407
20 -244612 44790
21 354458 -465413
22 -101420 -279109
23 -230306 36284
24 924867 -108988
25 494279 -151242
26 -42349 -411928
27 -206936 -320617
28 331577 -414780
29 570047 -432669
30 155813 96896
31 606318 96018
32 -255367 92043
33 948722 -181800
34 -170834 98297
35 481532 -216026
36 1054615 -33614
37 622532 95884
38 543121 94812
39 -141007 12086
40 -408136 -401488
41 -250324 -407684
42 451947 -297208
43 721787 96048
44 -168704 11519
45 500895 -157314
46 74960 -318477
47 561346 -435674
48 -329520 -254455
49 801580 97634
50 -82364 -268938
51 -51892 -261870
52 329041 -462498
53 478449 -219436
54 499540 -155761
55 924658 100431
56 353758 -78601
57 956741 -187924
58 -384717 -407374
59 437140 -354560
60 58330 63174
61 918068 -126336
62 24918 -289506
63 128924 44526
64 244463 -444539
65 -399367 -406185
66 770610 -353621
67 -262070 83404
68 -259547 59878
69 -404665 -300305
70 451966 -300609
71 162517 -370153
72 -194599 19520
73 843485 -317256
74 433637 -360285
75 467509 -459163
76 1041322 94899
77 -350415 -260688
78 -114373 -418246
79 485867 -145331
80 -156684 11138
81 8747 61842
82 -249238 48331
83 -424523 -362036
84 164169 -420326
85 -196024 -323638
86 140512 96662
87 1037437 97265
88 507259 -170500
89 -408364 -306138
90 450343 -317176
91 441129 -122079
92 1047173 56280
93 273621 98709
94 400727 -102677
95 182527 19582
96 977378 100771
97 46754 -407616
98 -23138 -265769
99 1052791 -38681
100 180768 -425750
101 -419613 -385178
102 -241937 -295423
103 999458 101742
104 947635 -90483
105 1048430 66129
106 246871 -17795
107 474109 -138137
108 -345706 -398407
109 962262 -242865
110 918521 -145032
111 322525 -416297
112 -193608 -324054
113 -389203 -407831
114 949082 -255132
115 -344681 -258686
116 451116 -279126
117 -3903 60200
118 646156 95608
119 497608 -197854
120 1011543 102364
121 -260944 85545
122 -230913 99501
123 972935 -204669
124 395419 -391938
125 396160 96884
126 1043252 -491
127 160866 32433
128 384037 -94654
129 627431 -411153
130 -398350 -406649
131 1042419 29097
132 23275 -408636
133 1040190 12709
134 474116 -224290
135 260119 -414374
136 -112631 18980
137 939762 -94260
138 1029646 -69308
139 951676 -88741
140 663572 -397383
141 -369127 -403928
142 -195599 -421783
143 304979 -51387
144 -200563 -322596
145 449784 -126379
146 400624 -102580
147 -11274 -270258
148 415759 -378420
149 -381479 -276581
150 -180431 -423454
151 -108897 -417454
152 467849 95585
153 143447 -414346
154 -215863 29584
155 -305328 -253810
156 -263743 71138
157 -234987 38522
158 276488 -34971
159 927116 -161942
160 1022975 101663
161 -264013 73130
162 547998 -440243
163 1016151 102225
164 769383 97010
165 -233304 99218
166 95690 56373
167 -272420 -267770
168 427579 -367301
169 951080 100253
170 199990 -391659
171 963336 -193397
172 471998 -226665
173 653666 95470
174 -125593 14825
175 737202 -368296
176 266785 -29307
177 -404241 -404154
178 917253 -131668
179 -424007 -368221
180 502998 -160243
181 -260283 86669
182 1036310 98026
183 491086 -455238
184 388745 -395674
185 1055688 -12764
186 301101 -49221
187 1046663 88081
188 -258271 57721
189 -129121 -302490
190 -55500 -261696
191 911959 100187
192 -18674 -410801
193 -187983 99400
194 82769 59624
195 1027417 -71387
196 442470 -343867
197 -238499 -411073
198 156081 -366376
199 174898 -423854
200 23113 63045
201 488002 -455746
202 -221354 32094
203 817638 -330666
204 363174 -465709
205 -408650 -401106
206 664873 95461
207 459513 -244512
208 1041031 20143
209 1040125 11706
210 453988 -258213
211 -295957 -396070
212 116709 96331
213 1042560 93841
214 21614 62992
215 30970 -408367
216 183548 19017
217 372992 -403028
218 512134 -450501
219 -139115 12352
220 -184739 -423305
221 257902 -24214
222 -235789 98731
223 455319 -253363
224 446495 -461998
225 265877 -450295
226 279116 -416812
227 968578 -234640
228 356807 97711
229 996658 -84568
230 413481 -465052
231 -229525 -306997
232 -388683 -282336
233 68806 95559
234 -76941 -266647
235 927246 -105503
236 453819 -259119
237 -321180 -395850
238 964194 -240896
239 -76659 34745
240 975508 -218188
241 65563 -313002
242 -415864 -320608
243 -66021 -413155
244 967794 -197844
245 377330 -401175
246 604619 95959
247 709688 95826
248 -65102 93484
249 249831 -412031
250 -192876 18880
251 -187284 -324633
252 740686 96408
253 934873 -97532
254 65550 62725
255 -244531 96925
256 488759 -208069
257 929312 -164667
258 1056226 -13846
259 348657 -75778
260 7795 -409477
261 921864 -114697
262 89541 -406522
263 -32462 -411383
264 1005700 -82751
265 934162 100463
266 1053242 -37265
267 435006 96240
268 -76600 -413925
269 -361891 -401974
270 1027910 100734
271 -110358 94305
272 -295732 -256377
273 -235904 38990
274 -11481 -270065
275 500001 -194768
276 -416790 -322742
277 811878 97893
278 -197009 99985
279 103974 -335575
280 960450 -190997
281 806981 97722
282 203151 -393349
283 -153786 -318260
284 -337456 -256433
285 -163111 97767
286 -11649 58529
287 187344 -427822
288 583578 -427593
289 355006 -409459
290 2901 -409748
291 923847 -157153
292 -35243 -262990
293 482996 -143330
294 55208 95284
295 -175901 -323936
296 450419 -316473
297 216081 -399702
298 502288 -191487
299 99609 96034
300 -239512 -410709
301 881902 -297002
302 -164024 -423382
303 554018 95092
304 -422279 -340344
305 921177 -152344
306 710478 -379535
307 145627 39006
308 -255610 -282092
309 -225530 100090
310 68321 -314607
311 -106581 -283192
312 -215836 100428
313 -280297 -262842
314 600468 -421300
315 441512 -462573
316 235127 -11000
317 451396 -281417
318 1046235 88867
319 275058 -34121
320 -124239 -419391
321 -333755 -396789
322 752290 -361965
323 -373359 -271295
324 -412231 -312877
325 468346 -230995
326 312025 -55444
327 74594 61640
328 -319561 -253106
329 171510 97244
330 -69119 -264273
331 503893 94943
332 -197109 99981
333 -145862 96668
334 -285683 -398012
335 210510 -435018
336 -338142 -397242
337 1048130 83329
338 444604 -339090
339 -392405 -407843
340 -39584 50449
341 -264579 -403479
342 -258713 -279199
343 206767 -433848
344 1041824 26075
345 255915 98591
346 720739 -375375
347 504293 94957
348 342021 -72007
349 213016 97793
350 877089 -299572
351 786179 97396
352 515411 -449786
353 -302057 -396182
354 365980 -405674
355 918924 -122204
356 957683 100283
357 -103545 94043
358 1024699 -73783
359 -158686 11168
360 411882 -465108
361 954786 -186391
362 31761 -293470
363 1033769 99138
364 491607 -149234
365 364576 -465760
366 1048897 78553
367 846974 98619
368 44012 -300447
369 -196812 -421425
370 866280 -305253
371 6152 61652
372 309964 -417636
373 -285185 -260411
374 -263842 76838
375 123899 -347387
376 1001531 -83698
377 -162525 -423329
378 -40654 -411769
379 507152 -178909
380 501531 -192714
381 921609 -153229
382 1021167 -75807
383 786479 97407
384 1042845 -54738
385 799978 97678
386 965297 -195130
387 -396905 -290428
388 1048002 84126
389 -19398 94180
390 923188 -272947
391 76709 95635
392 507577 -173891
393 -240916 42117
394 1039968 7599
395 478291 -140393
396 -62074 41158
397 967707 -86480
398 470175 -228930
399 -422991 -342871
400 228181 -6940
401 201013 97674
402 429844 -463681
403 -19692 -267049
404 -185374 99190
405 313553 98502
406 -351304 -261019
407 119610 96333
408 220212 -437781
409 460270 -243284
410 453300 -261439
411 308728 -459605
412 -241020 42214
413 1048873 70648
414 288233 -41766
415 -352467 -399644
416 -147258 -422096
417 -364122 -266470
418 325570 98222
419 374092 -466028
420 1034882 -64522
421 252042 -446675
422 377136 97221
423 516106 94769
424 451839 -271196
425 -207929 25859
426 950153 -254295
427 7769 -279799
428 223145 -438679
429 131857 43628
430 -171637 98369
431 75233 -406522
432 -88519 93567
433 -272527 -267574
434 983578 100887
435 406978 -384831
436 674181 95386
437 906626 -282931
438 21104 94794
439 277281 -453099
440 984679 -85387
441 882766 99468
442 -390819 -284212
443 -261589 63909
444 486355 -210854
445 475658 95458
446 -263845 76938
447 451548 -274308
448 377436 97231
449 506399 -183138
450 252517 98472
451 453609 -258826
452 372727 -88846
453 115344 49455
454 266619 98664
455 48805 95261
456 -29268 -411171
457 936661 100550
458 1049047 74256
459 917300 -135869
460 255784 -413425
461 919657 -120277
462 -243902 -293590
463 -103755 22692
464 938939 -262691
465 -255364 91943
466 989573 -85116
467 853412 -312106
468 -424283 -351721
469 955200 -249816
470 -246612 96352
471 -403043 -298047
472 -261343 -404467
473 300163 -417778
474 -21297 94114
475 -424033 -347410
476 172917 25450
477 954468 -88443
478 933808 -98570
479 -249214 -407945
480 80653 60051
481 -107163 -283712
482 437508 -353646
483 -124635 -419505
484 219804 -2030
485 950570 -183137
486 828353 -325188
487 -147468 96812
488 -7588 -410214
489 181093 20532
490 1053995 -10122
491 -259437 59582
492 770803 -353414
493 556920 95094
494 468248 95599
495 975695 -212077
496 -198567 21383
497 17466 -285264
498 -226339 34421
499 -70700 -264828
500 809079 -334867
501 122468 -346537
502 -61800 93500
503 451525 -308029
504 343490 97947
505 529316 94730
506 737688 96303
507 -205225 100298
508 765585 96877
509 -228705 -307569
510 -256913 56068
511 918987 -146917
512 1046499 52654
513 337883 98051
514 143747 -414335
515 959237 -87476
516 236512 98314
517 1056580 -18236
518 1044600 -1845
519 -178957 98814
520 1010041 102412
521 196929 11179
522 917508 -138964
523 1042752 31010
524 -165199 11441
525 -418256 -326595
526 -241954 97615
527 -355244 -400341
528 894162 99766
529 657945 -399581
530 447395 -330187
531 454266 -461027
532 -81983 -414513
533 685485 95481
534 1052698 -38885
535 85991 -324896
536 761452 -357843
537 179359 21472
538 -257307 90275
539 956171 -248981
540 1002049 102033
541 424296 -370718
542 915942 -277503
543 1043674 36145
544 1049013 72354
545 1044836 42990
546 421874 -373004
547 830713 -324005
548 211021 3066
549 42156 -407777
550 970702 -86275
551 974535 -207515
552 -262793 66869
553 981779 100825
554 36994 63829
555 1056201 -27455
556 207957 4860
557 447492 -330083
558 1044176 38964
559 536518 94781
560 407677 96586
561 457309 -129819
562 -97985 -277188
563 857671 98892
564 -424107 -368225
565 295331 -457071
566 920934 -116730
567 918222 -125030
568 425249 -114328
569 971512 -229834
570 -174150 12729
571 227215 98089
572 791766 -343376
573 -44997 93686
574 964060 -194073
575 880567 99391
576 -318978 -395873
577 -378545 -406458
578 -104510 -417001
579 1009556 -81416
580 466056 -234177
581 451607 -284612
582 1028817 100566
583 940700 -175576
584 642144 -405536
585 288879 -455695
586 922887 -112460
587 -219237 100409
588 532657 -445081
589 475170 -222952
590 953272 -88585
591 976891 -85859
592 506664 -182128
593 425746 -369266
594 1040220 6106
595 491749 -204862
596 -207953 -320152
597 492906 -203621
598 270486 -416113
599 1056410 -24846
600 934195 -169800
601 136874 -355039
602 214454 -398958
603 5215 -278287
604 974098 -223640
605 -263639 71042
606 348266 -411296
607 -26925 54693
608 -61777 41269
609 945957 -91142
610 1044328 91902
611 177636 -379031
612 1032149 99682
613 836373 98448
614 975376 100801
615 -74307 93463
616 1039504 -59357
617 506035 -184151
618 4804 94525
619 928765 -269350
620 -363236 -266038
621 705990 95697
622 -299372 -255303
623 -412794 -397048
624 1039891 9797
625 415480 -109666
626 975319 -209889
627 892763 99717
628 1034789 -64725
629 -301757 -396172
630 275968 -452744
631 697247 -384600
632 104281 -335765
633 945123 -179024
634 1051271 -6615
635 -93604 27149
636 -382458 -277216
637 -92322 27694
638 750187 96539
639 474477 -458120
640 892796 -290919
641 -173946 12637
642 1021972 101728
643 -152604 -317719
644 600761 -421090
645 411378 96615
646 937961 -263326
647 -220211 -416138
648 -209733 100441
649 940597 -175480
650 -375764 -405861
651 -200600 22312
652 -250683 49581
653 934298 -169896
654 241039 -409537
655 448899 -324531
656 -116779 17435
657 962080 100437
658 114924 -408438
659 623835 95829
660 507498 -174494
661 -424476 -360533
662 -126986 14577
663 974466 -222727
664 1041243 22652
665 -422981 -374690
666 -210536 100513
667 1051207 -42038
668 1051167 -6518
669 943271 100380
670 -228393 -413922
671 345522 -464524
672 55553 -307148
673 38593 63885
674 462600 -132336
675 493771 -202591
676 835973 98435
677 115224 -408427
678 381268 -399337
679 993868 101347
680 452530 95851
681 64336 -406802
682 394157 96914
683 -208945 26323
684 -414787 -394416
685 148460 38104
686 890143 -292312
687 722087 96059
688 -61923 -413012
689 -35895 93804
690 310640 -459938
691 504182 -188419
692 410395 -382410
693 519608 94791
694 -140618 -311397
695 1044506 40977
696 569716 95440
697 -252755 51610
698 300466 -417868
699 177212 22798
700 -33558 52660
701 359812 97616
702 1045327 46109
703 -168048 -322461
704 971788 -229124
705 -222334 -312349
706 -375419 -272467
707 437811 96137
708 -296 94447
709 928690 -103852
710 -6687 59702
711 -245125 45172
712 394200 -465926
713 -261907 64398
714 -412603 -313690
715 -107993 20843
716 1041235 2840
717 -263025 67761
718 1047565 59395
719 -112992 -288719
720 207942 -395884
721 -121639 -296125
722 958902 -189650
723 785471 -346498
724 343107 -412577
725 140655 -357308
726 567517 95364
727 959933 -87352
728 -396809 -290325
729 105481 -407366
730 1054161 -34931
731 33404 95023
732 289333 98657
733 1056634 -16934
734 1016850 102249
735 1040722 17531
736 -257227 56457
737 481632 -216022
738 -221151 32001
739 -84342 31275
740 101711 96008
741 149749 -362694
742 -257789 89757
743 182744 -382055
744 381398 -466073
745 975886 -214672
746 1052963 -37875
747 89741 -406515
748 -408368 -306038
749 21579 -408795
750 594714 95913
751 497132 -198571
752 697050 -384707
753 968945 -199305
754 911659 100177
755 -119987 94970
756 191815 97453
757 505996 -165842
