1 -1749800 -333899
2 -1443100 -55799
3 -423900 44800
4 -1763900 -475699
5 35200 229800
6 -1422700 350700
7 -1356200 -675199
8 -1760200 -478099
9 -1630300 -532499
10 -54399 310000
11 -1753600 -343299
12 -949300 26000
13 171699 -567300
14 -172700 -770800
15 -1150900 -736599
16 -365700 47100
17 -259900 53500
18 -10699 270900
19 -1438000 -637599
20 -1427800 266200
21 -1209600 383900
22 165500 -162000
23 -1771500 -414099
24 -1057800 38700
25 5399 -772900
26 -1170500 -731899
27 -37200 -772400
28 -170999 373500
29 -1593700 -197299
30 -1070800 84400
31 -195699 296700
32 -375300 -769200
33 130600 133400
34 -1425800 346100
35 168699 -450000
36 -188999 357200
37 -174999 371100
38 -194099 292000
39 -1513400 -597299
40 -1777300 -453799
41 -24600 -772600
42 -1476700 -119499
43 -1458800 -92299
44 -30999 289000
45 131899 -711700
46 -1766900 -391099
47 2800 258700
48 -1738300 -310899
49 -1256300 383600
50 -1052400 -755399
51 125500 141400
52 -813200 30800
53 -1238300 387500
54 -198999 326600
55 -558600 39700
56 170199 -509500
57 -496000 41900
58 120699 -749900
59 -130999 375000
60 14399 -773000
61 -1105100 308700
62 -272200 52600
63 163900 -35800
64 -1598900 -549599
65 -154200 86300
66 -435400 44300
67 -1776300 -459799
68 -1683700 -246699
69 -1244300 386800
70 -1425700 162900
71 -1180100 373200
72 -1440200 -47399
73 -1454800 -628599
74 -1642300 -220099
75 -1060500 41000
76 -992400 24500
77 -1426100 186600
78 -1193200 378700
79 -989100 24600
80 -1621800 -536999
81 161500 19399
82 -219800 -770300
83 -243800 55000
84 -1428500 301100
85 97799 -767000
86 126699 -732000
87 -427900 -768900
88 -1038900 29500
89 -308200 -769600
90 -120100 142200
91 -1532600 -167399
92 -1220500 386300
93 -1355600 348400
94 150700 90999
95 -764500 32500
96 57699 -773400
97 -1591300 -553999
98 111699 -759200
99 -1017400 24900
100 144500 107500
101 106599 -762600
102 171999 -592700
103 -1070700 70900
104 -1282500 347400
105 -1733400 -302699
106 -1582300 -559099
107 163899 -666100
108 -161000 80800
109 -1688800 -504599
110 -141699 222800
111 -173199 256600
112 -1426000 76600
113 147400 100399
114 -1277700 360300
115 -1505100 -601699
116 -342600 48200
117 -122299 196400
118 -837300 -769599
119 165100 -101300
120 165299 -209800
121 -820900 -769599
122 35699 -773300
123 -1005000 -761599
124 -578400 39000
125 -1430200 -1899
126 -1070400 64200
127 -1427400 246200
128 -1319900 330900
129 -59200 -772200
130 -1398300 361200
131 -191799 286700
132 -1073700 234400
133 -1380500 359500
134 -116999 366100
135 121700 147100
136 -1428300 285500
137 151499 -685000
138 -1072500 225700
139 -1254100 384400
140 164399 -288700
141 -1429000 -642299
142 164500 -68800
143 -186500 66000
144 -1483600 -127799
145 -1303000 330900
146 -1342800 341000
147 -197299 337200
148 -196099 341700
149 -87599 339900
150 -1260500 381600
151 171199 -546100
152 -525200 40900
153 167599 -409900
154 -1190400 -726799
155 -1729800 -297299
156 -1371800 -668699
157 -1064200 45000
158 -1163300 364100
159 -357600 47500
160 -981800 24900
161 -1428800 333500
162 -915100 -768499
163 -866600 28900
164 -1619600 -538199
165 -17299 276800
166 -663800 36000
167 -1071100 129800
168 -465500 43100
169 -1276600 363800
170 -1124600 333300
171 -1071800 215400
172 91299 -769400
173 -274800 -769800
174 86400 185700
175 -1297200 333000
176 -128800 120100
177 170499 -520100
178 160000 43199
179 -1633300 -215599
180 113800 157800
181 -212700 58900
182 -118699 186000
183 -1111000 317300
184 -1287400 340400
185 130599 -714500
186 -120700 140200
187 -146000 94600
188 -714800 -768900
189 -1427200 238000
190 -1736300 -485399
191 -1695800 -257399
192 -1336400 -682999
193 162200 4499
194 -327700 49000
195 -118800 147500
196 168999 -649900
197 -167099 249100
198 -1746900 -483099
199 -1431900 -11899
200 -455200 43500
201 122499 -746900
202 -109099 359400
203 169199 -469700
204 160300 38899
205 -202700 60900
206 -901200 27700
207 -1085200 -749999
208 -119300 -771400
209 165200 -111500
210 -1428900 318000
211 118199 -753200
212 -1403100 -654799
213 -1228100 387300
214 -705100 34600
215 -1463300 -100399
216 -1068200 52600
217 -1372900 357000
218 -194899 345500
219 -1564200 -569499
220 -795500 31400
221 -116500 161900
222 -1071500 179600
223 -1777000 -445399
224 170499 -635400
225 -1426000 95200
226 165300 -123700
227 138500 119800
228 -1426400 202400
229 -294600 51100
230 -187900 -770600
231 -1733200 -486099
232 -144099 225400
233 -1071500 192000
234 -569100 -768000
235 44399 -773400
236 -744100 -769099
237 -1503200 -146499
238 -1133400 341800
239 -417700 45000
240 -1543200 -581299
241 -1769600 -404399
242 -540300 40300
243 -1497400 -141499
244 171699 -600900
245 -1647000 -524199
246 -839100 29900
247 -881800 -769399
248 -1675400 -510999
249 -171900 73400
250 -1426400 344600
251 164599 -297500
252 -1427900 13400
253 -632500 -768200
254 -1008600 -761199
255 -7200 -772800
256 -1070900 109300
257 168099 -427700
258 -790900 -769499
259 -1203800 -723199
260 127499 -726600
261 155900 71499
262 -199199 322200
263 -1070800 79100
264 167199 -394300
265 49599 -773400
266 -1119900 -743399
267 -685000 35300
268 -1070900 104300
269 -774600 -769299
270 -1272300 372200
271 -603600 -768000
272 -1270800 374000
273 -1086800 276400
274 -1428600 308400
275 -192199 351700
276 170899 -536600
277 -1426000 52200
278 -46100 -772300
279 -90500 -771800
280 -146900 -771100
281 38000 227300
282 -493600 -768500
283 -1149500 354600
284 -1023100 25700
285 -164599 376400
286 -164699 246400
287 -1706500 -496199
288 -1280200 352700
289 -1070300 -752599
290 51600 215500
291 -67300 -772100
292 -1667100 -234399
293 -726100 -768900
294 -726000 33800
295 -1070800 75800
296 -585200 -768000
297 144999 -693100
298 -1420200 353300
299 -1306100 330300
300 -79299 332300
301 162700 -7400
302 -381700 46500
303 123699 -744300
304 -180199 266400
305 -452100 -768700
306 -1642300 -526499
307 -124699 201100
308 -104900 -771600
309 -1495300 -606799
310 -927600 26800
311 164699 -244600
312 -637800 36900
313 -1425800 118300
314 -1404600 360400
315 -1278500 357800
316 -1071100 134600
317 -131400 115300
318 -1351700 346100
319 -167600 76100
320 -285700 51700
321 127599 -725600
322 -1070900 97900
323 -1427700 256800
324 -652200 -768400
325 -404300 45600
326 -935200 26500
327 -1275400 366700
328 -1766100 -473999
329 -136899 377100
330 -1692600 -254499
331 137299 -703000
332 -1436500 -34499
333 125299 -739600
334 -134000 110700
335 -511400 41400
336 -1186600 376100
337 -116500 172900
338 166499 -373500
339 -1070900 91500
340 -1744600 -322599
341 -1429100 324900
342 -180299 367000
343 165299 -334500
344 -1717400 -280699
345 -1766000 -386799
346 -197199 302300
347 147799 -689600
348 -1764000 -377899
349 -1714800 -277699
350 -1426600 30900
351 -1534500 -586099
352 164200 -50800
353 -1575600 -562999
354 163400 -23000
355 -152899 234300
356 -1327200 -686399
357 -1428800 312100
358 -1433000 -18199
359 -1549400 -176599
360 -1654700 -226799
361 78399 -772100
362 -1565200 -184199
363 -985300 -763599
364 -1464500 -623399
365 -1300100 331800
366 -1076500 247000
367 -549100 40000
368 170599 -524300
369 -156900 84100
370 -1428500 302100
371 -123399 370800
372 -1314900 330000
373 -1777100 -456099
374 -1542100 -172699
375 -1516200 -156499
376 -1703100 -264699
377 -1480700 -614599
378 -621600 37500
379 -1425700 155400
380 -1386200 360700
381 -1425900 85100
382 -1768000 -472299
383 -160800 -771000
384 -1440500 -636299
385 -1400300 361000
386 57500 210500
387 -60099 315100
388 -1776100 -438799
389 100300 172500
390 -1071700 213400
391 -124899 371700
392 125999 -736700
393 -1715100 -492399
394 -321700 -769500
395 -1709900 -271999
396 -1426800 218100
397 -1555100 -179399
398 -1258700 -707499
399 -1695500 -501399
400 159299 -674200
401 165500 -149300
402 -1426300 196300
403 -952800 25900
404 -1425900 105200
405 -1727000 -487899
406 12100 250400
407 165500 -184200
408 -445000 43900
409 -621100 -768100
410 -117100 156300
411 -1772400 -418999
412 -1030100 27100
413 -938900 -767299
414 171899 -574200
415 21799 -773100
416 -1721100 -489999
417 -1772100 -467699
418 -690000 -768700
419 -1080700 261000
420 -1028200 -758799
421 164599 -254900
422 -1055400 37000
423 -43899 300700
424 -1454900 -84599
425 -187699 278600
426 -138800 103500
427 -605400 38100
428 -1327500 333300
429 -1428000 276000
430 107400 165300
431 -198399 331400
432 -1135800 -739999
433 -130099 209800
434 -159999 377800
435 -916500 27200
436 -1426000 58400
437 169899 -496300
438 -1682400 -507699
439 -1775200 -433599
440 164800 -82500
441 29399 -773200
442 -405200 -769000
443 -1253100 -709099
444 -596600 38400
445 159000 52299
446 172199 -585300
447 -1071300 152500
448 -1425700 137200
449 -120099 190800
450 -1200000 381100
451 -1418200 -647599
452 -253100 54100
453 -1071200 144400
454 164499 -268100
455 -95299 346800
456 -1582300 -191999
457 -1751400 -481799
458 -1286800 -699399
459 -1000000 24200
460 -1425800 122800
461 -199199 317200
462 -1047500 32800
463 134799 -706700
464 -74599 328100
465 165599 -345600
466 -140999 378200
467 -500500 -768400
468 -1467600 -107099
469 161699 -670400
470 -1071000 120600
471 -882700 28300
472 -1428300 290000
473 -1306100 -693599
474 -1426600 210300
475 -1323400 331800
476 171399 -608900
477 -1774900 -463299
478 101899 -765200
479 -1741400 -484299
480 -1602000 -201099
481 -1377300 358600
482 -1007000 24200
483 164699 -234300
484 165099 -324900
485 -1264800 379200
486 -1723300 -288199
487 -1131200 339700
488 -1510300 -152199
489 -1425700 146400
490 -1039300 -757299
491 -1218900 -718899
492 -1290100 337700
493 -961800 -765699
494 -549100 -768100
495 -99199 350400
496 -782000 31900
497 -1616300 -207599
498 161700 14999
499 -1256500 383400
500 -157499 238900
501 -148399 229800
502 -221100 57600
503 -1573300 -187899
504 -1335200 336900
505 -318400 49600
506 -1042400 30700
507 -1101500 -747099
508 -1346700 -678999
509 -1051700 34900
510 164300 -61000
511 -871600 -769499
512 -1700700 -498899
513 -1233600 387600
514 -1391300 -660199
515 -1426000 179500
516 -1771100 -412199
517 -535300 -768200
518 -793900 -769499
519 98400 174400
520 -1249000 385900
521 -1612300 -542099
522 165999 -357200
523 -1069000 55400
524 -1673300 -238699
525 165899 -661300
526 -1071600 205900
527 -971200 25300
528 -1472400 -113999
529 -153399 378900
530 -163699 376700
531 -1089900 283000
532 -1117500 325500
533 -477600 42600
534 -1099800 300300
535 -757900 32700
536 -1663100 -516699
537 -1774300 -429199
538 -1152900 357200
539 168399 -439700
540 83499 -771300
541 -1233900 -714599
542 -1071400 167700
543 -1490000 -134399
544 -1427000 230200
545 -360400 -769300
546 93999 -768600
547 -198999 313100
548 -850000 29500
549 -1292500 335800
550 -1093900 290400
551 -1416500 355900
552 -304700 50500
553 -1522500 -592499
554 -1411100 358500
555 169599 -484600
556 -959700 25700
557 165400 -136300
558 -1447100 -66499
559 24500 239400
560 -1360900 351300
561 -1167300 366400
562 -1394800 361400
563 -70299 324200
564 -250900 -769900
565 78800 192400
566 -116200 166400
567 -1624300 -211399
568 -1429100 327400
569 -141600 99700
570 -1284300 344200
571 -196000 62700
572 -124900 128300
573 -177499 262400
574 -1522500 -160899
575 -144399 378700
576 -1756300 -479999
577 70099 -772900
578 -676400 -768600
579 -184999 362300
580 -1759900 -362599
581 113799 -757500
582 -1390500 361200
583 165499 -191100
584 -1428100 339300
585 -105299 355900
586 155499 -679800
587 171499 -559900
588 -234000 56000
589 168999 -460700
590 -132999 213300
591 -1066300 48200
