1 -381809 512914
2 -32616 447598
3 -696272 382006
4 -468303 213859
5 180313 212779
6 -232608 -219292
7 -361867 355938
8 -413605 128501
9 -602469 250823
10 -482297 259222
11 50492 -136639
12 -465299 207911
13 -401395 357249
14 -91226 493483
15 -438154 348806
16 393326 -26739
17 407115 94319
18 -296972 -227617
19 390336 156036
20 -353361 80645
21 -577132 546910
22 -766047 551814
23 168219 -102779
24 -738286 554299
25 -816570 495424
26 -188958 494477
27 -828849 534215
28 -831431 515968
29 -816570 495424
30 -541635 129066
31 -156344 493946
32 -259273 340026
33 -511541 72383
34 315933 212846
35 -757960 552655
36 421046 23951
37 10788 -148234
38 -365495 -146701
39 -783434 464998
40 -624069 290752
41 -816001 543041
42 -527150 101415
43 -288215 95784
44 -238729 337685
45 -832311 526254
46 -137497 348153
47 334016 208261
48 402006 -19787
49 -365666 510596
50 -827083 536147
51 -230587 495751
52 -116033 493650
53 94479 -124069
54 358642 195488
55 -584322 213934
56 388580 159205
57 -63279 491070
58 -781313 549747
59 -45737 483075
60 338373 -52802
61 -485884 29224
62 -38106 475607
63 299394 214957
64 -282740 -229369
65 -359035 -155789
66 -219076 -215256
67 -727694 554884
68 337480 -53218
69 -81920 493245
70 -183949 -205041
71 -124575 352779
72 -53613 407126
73 -322830 -213066
74 -37362 433013
75 398953 126481
76 -278937 102847
77 -34487 440165
78 421509 43262
79 -738396 423077
80 -340641 -183973
81 -215496 335990
82 -101228 493508
83 -218896 158303
84 -571817 546103
85 -109347 202322
86 -602 206420
87 -801363 546697
88 -370928 -139094
89 -603298 252509
90 -587121 219586
91 -65775 204283
92 376982 -35826
93 -109722 -183042
94 372025 -38313
95 186527 -97359
96 -385368 97989
97 -271450 -228672
98 -143986 198517
99 -107929 493491
100 282364 -69982
101 -668995 555409
102 -71111 -171867
103 -676107 361255
104 -340127 -184764
105 -73040 385583
106 -558508 161777
107 -688806 555863
108 239269 -82136
109 -206477 168822
110 287280 215646
111 -186306 336799
112 -66932 -170594
113 -157780 -197283
114 -792988 473732
115 -483163 268708
116 -792985 548043
117 -249893 129258
118 369819 185482
119 -124250 -187296
120 -334725 78770
121 -218199 336143
122 301997 214803
123 163426 211884
124 -655983 554836
125 -829237 533509
126 -709206 555707
127 263054 -75320
128 199600 213716
129 -163672 340795
130 -528081 103199
131 -254760 339305
132 -53818 487635
133 -61544 397386
134 76566 -129183
135 -782611 549625
136 -482835 290017
137 192400 -95756
138 337640 206924
139 -639661 553720
140 -95356 202966
141 208819 -90969
142 -381697 357492
143 -29813 -159944
144 -784551 465978
145 -489466 532438
146 -717343 403042
147 -390013 -111523
148 -476495 310731
149 -332988 506365
150 414586 -1364
151 37059 -140574
152 -72172 204071
153 -83488 376800
154 -73926 384768
155 -827999 508426
156 216589 214512
157 -38588 205257
158 -594675 549205
159 -417124 519199
160 -752466 553051
161 -830572 512582
162 -89316 372597
163 -305508 347321
164 -360879 -153321
165 -326201 -209024
166 -614617 551457
167 -86625 493463
168 -100567 -180382
169 152535 211294
170 -438865 166066
171 -19496 205891
172 -818483 541998
173 -442257 171307
174 -487660 532070
175 176616 212614
176 33788 207221
177 -217715 159424
178 -822271 501125
179 -481966 257427
180 -94558 203080
181 395099 141016
182 -549186 143437
183 -473900 316777
184 317589 -59666
185 -300893 346501
186 -179385 186697
187 -472444 319303
188 -85541 -176019
189 88769 208781
190 417902 60802
191 -389603 357754
192 -413613 518560
193 -597391 240710
194 -42880 422515
195 -299293 88690
196 -750770 553281
197 -614782 274412
198 246572 215736
199 364623 190892
200 -593656 232974
201 -459824 335426
202 -101026 493411
203 109305 -119710
204 376550 177998
205 -268397 112132
206 46313 -137912
207 -395553 -103519
208 138942 210756
209 -448717 -25835
210 360714 -43511
211 -32449 449502
212 -567836 180517
213 -126539 -187937
214 232778 215295
215 -139870 -191970
216 276887 -71378
217 17992 206845
218 -234400 -219724
219 -269247 498876
220 -39432 477084
221 -408486 -84541
222 -319778 -216013
223 -55188 -167288
224 -394902 357662
225 245737 -80223
226 193304 213406
227 -32337 454504
228 -545358 136102
229 -104753 202702
230 -692202 377976
231 -60163 490124
232 -474515 529599
233 -807244 545594
234 -32591 457600
235 -818980 541789
236 326475 210529
237 -376249 91247
238 -636918 310631
239 -301289 -226692
240 -33169 444888
241 -284341 343689
242 -831084 530476
243 -813116 543892
244 -663247 346477
245 -505420 535360
246 -281131 343145
247 -265990 340909
248 -580588 206298
249 -831538 516366
250 -44925 482389
251 -729243 414436
252 -427830 353287
253 229780 215142
254 -657421 339278
255 421140 24253
256 209119 -90964
257 -556176 543876
258 292517 -67205
259 -80036 379560
260 327934 -56385
261 -760954 552303
262 -451793 -21488
263 -354729 -161815
264 374305 180560
265 412278 -6605
266 -786102 549064
267 62380 207920
268 -308451 -223217
269 -244406 496710
270 -180019 337609
271 -414066 355427
272 262654 -75327
273 -116445 356822
274 -821951 540137
275 -536562 119253
276 148913 -108317
277 -393446 514911
278 -573642 192217
279 -503801 58716
280 -704825 390658
281 201555 -93096
282 41187 207350
283 166228 -103314
284 -350629 -167544
285 -463544 330860
286 163726 211889
287 109759 209547
288 287639 -68490
289 -53709 406924
290 -770037 551244
291 118064 -117257
292 -306741 85659
293 -363727 84364
294 -289503 95061
295 -434449 -46789
296 -193242 178354
297 -340004 507243
298 393868 148496
299 150005 -107898
300 418868 57018
301 -335501 352398
302 -477512 237202
303 -35315 470455
304 -448630 181197
305 -208367 494838
306 -471277 321223
307 -698706 555790
308 -809534 544954
309 -636256 553480
310 -331140 -201109
311 -249428 -223987
312 -362315 83689
313 -763207 446448
314 -263572 -227334
315 -43947 420597
316 -237793 140771
317 -406954 119915
318 -371648 -138007
319 -192798 336286
320 -393196 -106778
321 326941 -56802
322 130701 -113536
323 -822372 501223
324 132494 -113104
325 -644614 321798
326 -68300 492182
327 -455773 338297
328 -332996 -197941
329 -484137 26554
330 -740382 554062
331 324167 210989
332 -56546 403274
333 30589 207165
334 -174853 494323
335 -65372 393218
336 -788821 469904
337 101443 -121948
338 415577 67963
339 -77817 493116
340 -533510 540271
341 -769408 452140
342 -445976 344269
343 130847 210415
344 -499901 534356
345 -398995 110853
346 262268 216110
347 -315114 -219632
348 394886 141713
349 410530 -9636
350 -377194 357371
351 -723499 555157
352 -286281 500679
353 370734 -38835
354 -106137 362202
355 -321863 505059
356 -463448 331062
357 -799494 479719
358 -353135 508914
359 -259985 -226571
360 -252316 -224737
361 -376774 -130795
362 -554471 543605
363 296297 -66038
364 -146940 493810
365 421908 37569
366 -480304 299763
367 -58049 489361
368 396585 -24382
369 -668693 555314
370 -323764 350402
371 421791 38567
372 -245442 338367
373 -284980 500602
374 -142541 493887
375 -510404 70302
376 -302398 -226212
377 108461 209424
378 417262 63091
379 414097 72538
380 -531703 539902
381 -334027 78882
382 -264539 498459
383 -448529 524952
384 -245271 133739
385 74673 -129616
386 -201759 -210353
387 -516055 537275
388 -478161 239991
389 -420699 -66752
390 249470 215886
391 386890 -30452
392 -128713 200184
393 -575301 195589
394 -708489 394295
395 -415567 -74263
396 -826298 537060
397 228820 -85119
398 -218776 -215250
399 276071 216051
400 -779019 550088
401 -313700 83237
402 -483215 277408
403 -483255 279708
404 -161364 -198246
405 403030 110650
406 -483285 270006
407 -631163 301830
408 -708906 555712
409 -497720 48420
410 -5930 -153026
411 112289 -118758
412 -125235 493689
413 61540 -133546
414 -592470 548943
415 -343331 79020
416 -459327 198113
417 -243655 -222386
418 -464725 -2610
419 -36401 435230
420 -375744 90956
421 399270 125487
422 -95643 368386
423 402204 -19683
424 -151852 196479
425 -383134 96028
426 -249112 497028
427 -265445 114884
428 -557887 160587
429 -211369 494886
430 -797562 477953
431 -810470 489729
432 -60179 204580
433 -302919 502689
434 -202825 171586
435 -313433 348682
436 -319753 349772
437 -142060 -192608
438 -481350 296644
439 -276141 -229254
440 -811326 544523
441 -409299 517835
442 -551256 147401
443 -479307 19137
444 -66844 391593
445 113984 -118428
446 -832411 526252
447 -226578 151468
448 -34786 468764
449 179563 -99481
450 -149139 344749
451 -502252 55942
452 -684260 369914
453 317989 -59659
454 -402664 114790
455 -561793 544778
456 -193759 494493
457 -372584 511575
458 -344664 -176942
459 -355354 355252
460 -176153 494300
461 -800865 546806
462 -172832 189412
463 -827897 508328
464 -383241 -121306
465 216189 214505
466 -813722 492673
467 -116641 356618
468 -297572 -227628
469 -471912 8065
470 -60369 398807
471 -425605 145594
472 -33614 464684
473 419799 15128
474 -467993 528412
475 101166 209097
476 -342419 353377
477 -468510 214255
478 -442969 -34236
479 406693 95612
480 5115 -149833
481 -286536 97014
482 359723 -44028
483 -138493 347935
484 265067 216158
485 -419983 -67640
486 -714900 400584
487 -695606 555844
488 353789 198504
489 59081 207862
490 -533355 113108
491 -399249 -98082
492 -649330 328417
493 -623038 288970
494 26013 -143767
495 -325146 80037
496 -38988 205250
497 -15681 -155897
498 -218399 336139
499 -136999 199339
500 -435479 -45107
501 -251765 127625
502 -426735 147274
503 -33180 462691
504 381461 171683
505 -30311 -160053
506 -563589 172090
507 404208 106170
508 -625440 552668
509 -808539 487963
510 419426 13622
511 -187631 -206106
512 -448323 180803
513 -327020 -207938
514 -431673 521845
515 -191956 179177
516 -70305 492448
517 -207790 335724
518 -224411 153406
519 -50792 486187
520 -753038 436824
521 -442047 -35520
522 -688006 555877
523 -416678 132648
524 -824425 538593
525 -489072 34269
526 -235391 495967
527 -832515 520749
528 -789694 548601
529 -353502 -163394
530 -168052 339618
531 -418456 354850
532 86615 -126207
533 -492981 40502
534 -22195 205843
535 -33915 441775
536 -155434 195417
537 -641536 317351
538 -303420 502781
539 -406841 -87113
