1 -671304 598736
2 -960088 -31425
3 366731 312088
4 383609 292966
5 -371325 719179
6 42229 -226464
7 -569477 516640
8 -1097114 50041
9 -602243 492181
10 -324383 655778
11 -733153 550348
12 119652 -139809
13 -464792 762443
14 -46332 515897
15 -636928 717508
16 -785743 709610
17 -477905 315613
18 -591180 436133
19 -382000 732614
20 -503789 747373
21 -356236 693990
22 -153024 562502
23 96003 -98709
24 -965033 -101841
25 -741592 539847
26 -1254310 64364
27 -455679 169100
28 5174 -231260
29 263959 88866
30 -950189 -42687
31 -1095073 31701
32 -531475 522970
33 -1087773 14646
34 380973 173601
35 -1096266 71584
36 -511473 531873
37 -980098 -20017
38 -1194464 -18997
39 -502154 577326
40 -1138867 643946
41 -971610 -105472
42 -772617 497038
43 -1327013 452863
44 -942494 -65332
45 -1235510 614855
46 372024 163383
47 -533849 728512
48 -1177602 -34818
49 -810252 448695
50 4670 -231177
51 -494661 551872
52 117712 -132972
53 -1018599 191367
54 380398 172881
55 -574621 514959
56 -653051 720747
57 397305 267528
58 398376 205328
59 393824 275512
60 -809204 699485
61 174837 417456
62 -427354 759148
63 -1306560 557741
64 31009 -228957
65 -454966 257578
66 -1270067 105839
67 102308 -190445
68 -454537 104900
69 -129983 -168939
70 -1049550 -105693
71 -177714 -134484
72 -395614 10699
73 -761179 719673
74 -950190 275406
75 -979188 -20285
76 -578744 713236
77 -880238 361100
78 -948860 -86467
79 -189807 -126301
80 -1096438 39258
81 -1146410 642182
82 -340550 671724
83 -942383 -65628
84 120305 -144189
85 -32829 -226083
86 -1084597 9653
87 -107811 542868
88 132810 -23779
89 -261438 -77971
90 106638 -50809
91 -317878 650002
92 -628470 716002
93 -163592 567136
94 -1144610 -59782
95 -727455 728155
96 -178631 573715
97 -944456 -77908
98 -439212 58607
99 -454120 253405
100 -949444 -43961
101 -1163088 -46419
102 163414 5306
103 278635 367748
104 -1315549 379619
105 -589378 507740
106 -1306370 320203
107 -852871 683451
108 -1288691 195044
109 373996 304637
110 -353832 -19560
111 112909 -175966
112 120294 -143889
113 384796 178738
114 -1036484 -15682
115 -16503 -229415
116 273994 96621
117 -156984 564164
118 116184 -129324
119 -1243787 611164
120 245337 384296
121 -1001650 663046
122 -493256 563228
123 -455724 115966
124 -1207656 625234
125 -721021 563980
126 -428874 759695
127 -1097341 56537
128 -979212 -108440
129 109135 -119463
130 -456878 146144
131 -576103 608965
132 142204 -14846
133 -68298 -210411
134 -482012 321473
135 361977 316425
136 -582319 511889
137 -1064196 136042
138 -1212017 -599
139 -1075079 121054
140 -402457 748210
141 -1097215 58643
142 90353 455630
143 -870070 373662
144 -953551 -92534
145 -393649 742414
146 -1315321 542126
147 -392318 8013
148 -628797 610727
149 -609367 713367
150 363795 155490
151 -1321039 528218
152 -626908 611093
153 -1017616 661788
154 -1021947 -16475
155 -327220 -36642
156 95551 -97224
157 403251 240519
158 -506701 581470
159 395777 271177
160 -945871 280660
161 -888660 673896
162 -1325109 512966
163 -552175 519745
164 -1313145 365194
165 -541116 724556
166 120087 -149400
167 -1128553 -69728
168 -1032589 -110003
169 -1246247 609978
170 -1007228 -16761
171 403303 233317
172 94451 -88657
173 344085 330209
174 -605971 481445
175 -738051 544474
176 -757824 517567
177 326462 129972
178 -694119 727718
179 -328040 -36070
180 -968509 -25215
181 26331 483813
182 389731 186414
183 -493401 555919
184 -339395 -28962
185 -987633 -110835
186 -465485 292332
187 351066 325150
188 -565119 606747
189 -935456 667259
190 -1091433 22022
191 -564612 715431
192 -587629 431855
193 -277205 -67715
194 -58102 -215859
195 -1072068 -2416
196 -755537 520849
197 -226911 595243
198 401025 255551
199 323098 343785
200 363321 315171
201 -274776 619187
202 -736511 726738
203 -1019210 -112038
204 -1328927 487618
205 -619227 611761
206 -952820 -38976
207 -524862 368006
208 -769377 716585
209 -139815 556759
210 -1225078 15254
211 105577 -186629
212 -1255386 66528
213 214911 398843
214 168168 9574
215 105298 -52557
216 -1097093 49442
217 -437391 55168
218 -434315 50173
219 -43666 -222359
220 -327483 658572
221 -726755 728180
222 -592389 505133
223 -384606 2078
224 -572943 515618
225 109510 -47106
226 19851 -230347
227 136203 -20659
228 -798269 463723
229 -712010 572399
230 -71636 527020
231 -266103 614387
232 -605552 460847
233 -1317833 393447
234 -493878 337469
235 -455698 261355
236 -1212431 -213
237 -332972 663883
238 113947 -42349
239 -515831 739748
240 -1309512 341406
241 196294 407598
242 -456688 129240
243 -675919 725152
244 -1080479 112360
245 -456015 118557
246 294800 111156
247 -1153428 -53686
248 90068 -200979
249 -2638 -231032
250 94526 -79349
251 -1301393 286556
252 -993994 -112058
253 300770 114966
254 -962394 -100048
255 -229962 596637
256 -518280 738261
257 376072 167826
258 315642 348127
259 -405818 19248
260 -606419 465619
261 119558 -154321
262 -13301 501241
263 -764209 508439
264 103060 -111671
265 -114287 -179998
266 -577292 514065
267 99819 -61854
268 -1075257 74
269 -653658 720926
270 -1310808 349866
271 -706760 576785
272 -942554 -69336
273 -1095884 34875
274 -454704 178439
275 -1062510 -101342
276 -1006580 -112697
277 395629 198027
278 -157406 -148683
279 152570 427585
280 -255391 -82063
281 -1273125 116039
282 -1307183 326278
283 400166 211394
284 -1236103 614635
285 -243608 -89956
286 -201076 -118789
287 242538 71908
288 -375464 -4706
289 -64117 -212667
290 -606842 472009
291 -845340 404744
292 -606585 476120
293 -602143 712819
294 241173 70860
295 -753464 722244
296 -965449 256762
297 -843264 686288
298 290500 108204
299 -565776 407803
300 -474309 310035
301 -1047997 156420
302 121251 441900
303 -542812 520973
304 -876211 366143
305 -870207 678443
306 99373 -106396
307 249255 77245
308 -820795 435419
309 -360289 701153
310 -497512 750994
311 395165 197011
312 -1261603 81220
313 -1091194 89672
314 -496934 571105
315 -1023021 186210
316 -554261 396097
317 -1148195 641719
318 -1318127 536524
319 -414920 27736
320 -294803 -56622
321 -561827 518208
322 119967 -151705
323 -561149 716552
324 -151763 -152689
325 125549 -30737
326 354941 148277
327 -497822 341534
328 383719 292669
329 -1301514 287152
330 310237 351040
331 -1095416 75916
332 -1255973 604835
333 78365 460815
334 387730 286706
335 -240844 -91761
336 398380 205228
337 -1280124 588682
338 117388 -163802
339 -954517 665793
340 -1142156 -61298
341 -690750 588251
342 94463 -83254
343 353227 323424
344 -871096 678112
345 -766317 717793
346 -1040852 659576
347 334450 336777
348 -1298334 264850
349 -563719 517941
350 -960148 -98468
351 -228441 -100233
352 -995990 -112227
353 347816 143125
354 -1062379 -7681
355 403355 231818
356 -527758 370707
357 -1187410 -26155
358 -766600 505253
359 -181678 575009
360 -448019 78712
361 -1180591 -32321
362 391332 189272
363 -443300 66769
364 -217582 -107458
365 -1089630 -89782
366 -1093823 81875
367 -596611 442648
368 -936275 292402
369 -1262155 82701
370 378992 299108
371 118154 -134158
372 -510407 584443
373 -943038 -72655
374 -821440 694555
375 -635722 717350
376 -1308379 334742
377 -344305 676095
378 -96655 -192090
379 -971570 -23521
380 -989273 -18036
381 402905 244710
382 -500633 542358
383 116508 -130013
384 -943938 -55476
385 238156 68453
386 -413676 26479
387 256640 378687
388 -459506 275831
389 -912863 321137
390 -59034 521457
391 -1304428 307563
392 -865183 379836
393 90361 -200768
394 -671900 598615
395 104949 -114206
396 326263 341994
397 -963897 -28356
398 -1238106 33010
399 -1010684 -112641
400 -1096490 40757
401 -514203 587112
402 -1328502 492636
403 307044 118688
404 114140 -42142
405 165989 421549
406 -1095578 74810
407 -1096855 -86332
408 -116235 -178665
409 -945263 -51920
410 -581134 512330
411 -907943 670221
412 -1016302 -112236
413 -33120 510054
414 -706261 728695
415 -1275068 122975
416 -541512 724442
417 19216 486967
418 -517647 528156
419 -576589 419432
420 -206202 -115266
421 -567792 517099
422 198255 36241
423 -665145 723227
424 179411 415414
425 -317364 649619
426 -277227 620602
427 -1059528 -9082
428 -1318725 398920
429 342046 139322
430 -618510 714449
431 -743958 725077
432 225598 58408
433 358741 151212
434 -34146 -225629
435 -1324692 435133
436 -125567 -172187
437 101503 -58493
438 -836422 415862
439 84529 -205675
440 -452126 224958
441 -984341 -18864
442 -601142 449194
443 -662829 722807
444 82586 -207344
445 -1063869 656771
446 -305644 -49897
447 -964780 257686
448 -1084914 10143
449 -1064382 135636
450 -1089641 93929
451 -81597 531476
452 -533061 597060
453 -597432 712583
454 -1069318 -3820
455 -412953 753647
456 401889 250878
457 -683060 726203
458 -468949 299816
459 -527574 594650
460 -134295 -165787
461 -510795 532497
462 -456992 137935
463 397522 267036
464 301361 355934
465 -1328255 465528
466 -1039699 -15294
467 -605169 484274
468 -525033 733923
469 -496913 547591
470 -1306082 558358
471 -137885 555926
472 -1080190 112670
473 -942833 -61341
474 -581271 424572
475 -669074 723990
476 -1287254 185388
477 -1076223 119413
478 -823018 693899
479 -969743 -104507
480 195174 408160
481 -841021 409998
482 -453061 243136
483 -1194050 -19383
484 -592594 611291
485 -1291772 217350
486 99068 -63281
487 -986170 663887
488 -477603 759694
489 21450 -230291
490 -746086 533887
491 403126 226907
492 -310452 643657
493 -114901 -179619
494 -544724 386624
495 -532858 596967
496 255823 379159
497 -470884 303651
498 -1044934 -14376
499 -1053131 -11760
500 35072 479916
501 -498146 545647
502 -993195 -17472
503 -516858 528483
504 -1232847 25689
505 -54337 -217628
506 -979704 -108657
507 -1125059 646830
508 -511627 742596
509 -683301 592714
510 -510921 584825
511 -1203277 -10199
512 96972 -195234
513 -345770 677945
514 -1325188 512363
515 -587911 508692
516 -832392 420806
517 -121464 -175045
518 -244201 603244
519 -1313521 367382
520 -1109381 -80065
521 124477 -31575
522 -260395 611384
523 -613989 713906
524 -1001418 -16959
525 -379397 729703
526 -925242 305995
527 52241 472511
528 140854 -16294
529 -1029963 -16155
530 -159975 -146772
531 -1108456 649911
532 118977 -157743
533 119424 -139016
534 -1061323 139745
535 97656 -103054
536 -386341 736565
537 -1322263 420009
538 68097 465460
539 -396628 744611
540 275362 97569
541 311162 121133
542 -752083 722792
543 247698 75990
544 -452572 94462
545 95227 -73621
546 310965 121026
547 35679 479737
548 -1072435 655671
549 -433420 760937
550 -116956 546851
551 -551675 519763
552 -793134 706350
553 -1042781 -107558
554 -1021220 -111808
555 -964544 -101523
556 -1032724 174664
557 -48263 516730
558 -542185 600443
559 -1102046 -83811
560 -1107034 -81384
561 -282129 623433
562 160892 3016
563 -1013335 -16675
564 -447564 77127
565 -1016040 -16569
566 18610 487146
567 -1324572 434537
568 -1089477 17588
569 -1127020 -70675
570 -1328947 479612
571 -29256 508288
572 -1058261 143754
573 -174433 -136770
574 94423 -87858
575 -679084 595162
576 -505451 537087
577 -1043321 -14720
578 -943341 -58257
579 -847827 401455
580 -1087045 99823
581 -818880 437888
582 -1085766 -91548
583 -147240 -156133
584 -945395 281377
585 -181513 -131714
586 156442 -1341
587 -605096 459262
588 -1294956 239752
589 -1299025 568310
590 97762 -103251
591 -717732 567197
592 318814 125502
593 -597139 443430
594 -1092140 652582
595 -762661 719121
596 119448 -36553
597 -1243134 42341
598 -979639 239056
599 -952122 665977
600 -958002 -96892
601 -1265922 93176
602 -540968 599985
603 -1176457 634428
604 -948670 -86160
605 -1117426 -76043
606 114273 -126188
607 -987237 -110721
608 -952879 -91710
609 -369528 716440
610 -516592 360390
611 -1167436 636844
612 -522864 525672
613 -524723 593248
614 -527777 594743
615 -595430 712553
616 -552198 603496
617 368800 310159
618 -1097301 52536
619 -959984 -31522
620 -485801 756606
621 -583148 610120
622 -522276 591933
623 -569151 607607
624 -456421 124446
625 -82411 531847
626 -431591 46666
627 -1321731 416225
628 -494592 567084
629 29817 -229199
630 -1268617 597289
631 -788305 476378
632 -220446 -105657
633 -1177153 634304
634 48173 -224755
635 -84875 -199883
636 111322 -179224
637 -298831 634657
638 94932 -93844
639 -1266699 95350
640 -496199 570130
641 -945829 -81558
642 -516075 359908
643 -502985 578198
644 -890116 348847
645 -99987 539439
646 305377 117729
647 -1055801 657853
648 378257 300083
649 -497405 341048
650 -532763 522625
651 205745 42406
652 -130064 552597
653 -586063 610518
654 111921 -44521
655 -258358 610355
656 375782 167516
657 117133 -165112
658 -695342 585089
659 -405405 18863
660 194852 33420
661 -473541 760837
662 -452851 197015
663 -455002 175527
664 -376159 725814
665 -463743 288291
666 -1169318 636278
667 -725265 559429
668 -459627 276427
669 119644 -36446
670 347427 142812
671 -1090771 20244
672 -456100 163982
673 -985012 232465
674 -1261765 601631
675 -1292590 576040
676 -569784 714550
677 -290608 -59278
678 291272 361185
679 -1314670 543549
680 -334109 664944
681 -901282 671454
682 -1322284 523771
683 273954 369986
684 -1072224 125256
685 -417923 755574
686 264348 89179
687 -1297123 255986
688 -906243 329273
689 -1220885 9797
690 -114598 -179708
691 -974784 664485
692 -439661 762020
693 -562041 716321
694 -510549 743234
695 -284483 624952
696 -410109 752445
697 -229058 -99754
698 -624445 715342
699 -444486 69229
700 -168486 -140865
701 -1303232 299100
702 107533 447925
703 -308199 -48385
704 -1081995 654337
705 283730 365124
706 -592194 611305
707 -585543 429426
708 -1112833 649158
709 -1088946 16706
710 372892 164313
711 233842 389698
712 -1225646 618902
713 -493477 752936
714 -1053193 -104519
715 101801 -110014
716 -79753 -203307
717 -1051370 -105156
718 -596447 500989
719 -296983 633321
720 -539524 521388
721 -1151998 -54537
722 -362310 704584
723 -1005480 -112659
724 -979780 664310
725 -533453 728626
726 388368 285627
727 48891 473894
728 -1117020 -76229
729 177279 17997
730 -1200891 -12618
731 175922 16749
732 -601307 494015
733 -546072 387978
734 -489892 332205
735 362923 154660
736 -484719 757144
737 -1207263 625448
738 -1319201 401104
739 -502911 748004
740 -357623 696443
741 -1041752 659545
742 -553530 719020
743 101885 -57979
744 -855501 391982
745 -545900 520565
746 -100657 -189228
747 -780652 486451
748 -551559 719889
749 -606589 467615
750 -974318 -22216
751 -456934 147743
752 -832993 690149
753 -1079605 4224
754 -953126 -38787
755 399986 259517
756 -1328911 475711
757 -1032246 175281
758 225109 58091
759 353431 323331
760 4384 493353
761 211584 47112
762 151502 -6016
763 -456645 156658
764 -455918 763353
765 -998735 215676
766 398861 263080
767 96221 -70584
768 -919097 313414
769 222849 395017
770 -452073 214853
771 -466487 762284
772 -1327815 498763
773 -599518 611849
774 -346252 -24599
775 -1075223 655274
776 -1286132 583069
777 -141697 -160142
778 -795776 466812
779 -527405 523912
780 -405928 750190
781 -920301 668789
782 -642622 608343
783 -537732 521651
784 355816 149008
785 -493570 555012
786 -1328280 466227
787 112902 -175766
788 -1007559 204761
789 -1280413 588372
790 -1194985 629178
791 386415 181096
792 -87126 -198461
793 -1269989 596441
794 -797372 704501
795 -279456 -66293
796 -494854 551665
797 403283 239620
798 159891 424238
799 -246442 604367
800 -375008 724353
801 94456 -83054
802 -420106 32958
803 94736 -197113
804 105802 448765
805 -716476 728939
806 -714773 728898
807 -563303 606310
808 -699037 728147
809 -456821 133038
810 -1052014 658286
811 137827 434274
812 -493125 562332
813 -944818 -53206
814 -599316 497187
815 -1290572 578412
816 -1086853 100030
817 -526597 732868
818 143822 431682
819 -730470 553744
820 -1242058 40177
821 100008 -107375
822 -452689 94959
823 -1069214 -3917
824 -998253 216193
825 98588 451915
826 183976 23935
827 -1201622 627246
828 -605802 482351
829 -1277975 134581
830 -210849 587999
831 -453088 195206
832 -1053537 -11574
833 -957816 -33447
834 329434 340004
835 -551084 603134
836 -171313 570468
837 -1045200 -107042
838 -585625 712596
839 170204 11447
840 106625 -116349
841 -1001014 -17045
842 -652542 605895
843 108267 -183433
844 -194383 580669
845 -639141 608965
846 -1299692 275108
847 -1220608 620779
848 402057 220265
849 -515223 587676
850 -127827 551574
851 -1073574 -96826
852 -351877 686637
853 -1026448 -111090
854 338914 137311
855 -453376 246427
856 -1294828 238956
857 112908 -124335
858 399646 209074
859 -555834 604469
860 -812932 445200
861 -1022247 -16485
862 -602443 452050
863 -600021 611932
864 -574720 417496
865 -197084 -121352
866 -1327037 453563
867 -365822 -11474
868 -63201 523313
869 220716 395944
870 -804207 456111
871 -994361 663501
872 -306539 640492
873 -1123370 647189
874 -19315 -229113
875 -118989 547781
876 -802988 702003
877 -564428 406449
878 -1076718 -95635
879 -426644 758872
880 -932920 296622
881 -1158355 -50156
882 -860677 385497
883 389824 186618
884 -643780 718870
885 -885582 674604
886 -898273 338857
887 -555092 396969
888 -621222 611592
889 -522767 525775
890 -502451 539993
891 -349330 -22405
892 -191432 579271
893 109970 -120435
894 94756 -77340
895 -1291492 215058
896 -1009933 -16656
897 -1015220 661972
898 -451321 763514
899 -838627 688151
900 398313 264462
901 -1047415 156941
902 209834 45650
903 287804 363065
904 -41229 -223374
905 -214103 589487
906 -1277046 130911
907 349111 326682
908 -1011500 200121
909 -556844 604734
910 43418 -226122
911 -443487 762687
912 -452036 216656
913 -597498 499551
914 -656002 604674
915 114769 -171899
916 -593939 503678
