1 -110803 77569
2 -1105490 -258376
3 -1065680 4313
4 -1139926 -240345
5 -197212 86620
6 -1160291 -203858
7 -1081731 -113561
8 -1099763 -185474
9 -861468 187029
10 -671610 71276
11 -564271 11172
12 -988605 97651
13 -1093823 -234547
14 -1108389 -257740
15 -1143038 -237800
16 -108187 36769
17 -801434 123036
18 -117874 9687
19 -644244 -12940
20 -390040 -131946
21 -1131936 -246356
22 -975524 -3818
23 -1126703 -250032
24 -623951 -23617
25 -149765 92630
26 -1093187 -141138
27 -295994 -156553
28 -646507 -9687
29 -1132714 -128198
30 -37547 -1909
31 -971918 113349
32 -121480 -15980
33 -1130805 -247204
34 -963574 19162
35 -1137946 -241901
36 -1022122 -68094
37 -477792 -43628
38 -1009748 73680
39 -1123592 -252012
40 -1094954 -227900
41 -513359 -83438
42 -1115036 -256184
43 -374271 -53810
44 -435719 -65336
45 -1099551 -192191
46 -408071 -67811
47 -1003667 -45820
48 -104439 38820
49 -741542 113490
50 -648134 -7071
51 -332623 55578
52 -746563 76508
53 -799384 152947
54 -123743 43274
55 -417475 -68023
56 -129046 32880
57 -50487 -20930
58 -958483 124945
59 -1064054 6646
60 -445972 -61871
61 -788777 144461
62 -255477 78418
63 -1119562 -254346
64 -552603 6434
65 -872781 182362
66 -614122 -21283
67 -648416 53881
68 -101186 39810
69 -645800 51548
70 -955159 56427
71 -168857 90792
72 -141209 -13222
73 -1111289 -257104
74 -228466 80822
75 -1074802 -102106
76 -157684 91923
77 -1144805 -236173
78 -1072893 -99348
79 -95388 40375
80 -945331 74882
81 -636254 -20647
82 -1099338 -172604
83 -585767 -30971
84 -705056 43911
85 -1139431 -240699
86 -1115885 -255901
87 -1161281 -210788
88 -38254 -3889
89 -1079681 -109955
90 -116036 26233
91 -110096 -73185
92 -1138512 -159169
93 -338845 42850
94 -1032517 -77923
95 -1035416 44194
96 -969514 7424
97 -1156755 -222950
98 -832476 134845
99 -848810 133784
100 -1003313 -45466
101 -1134552 -244588
102 -707601 92984
103 -111935 64841
104 -787999 111298
105 -992777 -31112
106 -775484 100338
107 -1024314 57275
108 -782979 106843
109 -140360 636
110 -492004 -32668
111 -71629 33446
112 -954452 58972
113 -115541 57417
114 -1065751 -90792
115 -1092621 -245224
116 -1096651 -217859
117 -1139997 -164614
118 -189787 -124875
119 -574665 -39951
120 -129046 -24960
121 -140784 -1484
122 -347542 -11808
123 -881620 123885
124 -983161 -16687
125 -334037 53457
126 -72124 -40446
127 -110450 70993
128 -131309 28072
129 -1132431 -127208
130 -118440 -5727
131 -224718 81458
132 -151815 -105571
133 -39315 -6505
134 -533441 -3111
135 -585696 -31041
136 -85064 38537
137 -1095874 -222172
138 -806596 127349
139 -1058043 15344
140 -655487 4384
141 -1096086 -257740
142 -54164 24607
143 -484085 -38749
144 -672246 19586
145 -837426 135128
146 -124450 -21071
147 -982524 -15485
148 -860478 131451
149 -60599 -30476
150 -130956 93338
151 -663478 12798
152 -958129 31254
153 -1134199 -136188
154 -950563 131592
155 -722521 57558
156 -61659 28849
157 -752503 81317
158 -1121542 -253214
159 -1022122 59891
160 -842305 185403
161 -1152584 -228254
162 -931401 89236
163 -715662 97792
164 -124804 92843
165 -596515 -23193
166 -311409 -155704
167 -1117794 -255124
168 -348603 -16122
169 -643467 -14000
170 -49497 -19940
171 -775342 100197
172 -939886 81034
173 -121056 48224
174 -651811 -989
175 -1122885 -99419
176 -1161140 -213051
177 -802919 155917
178 -544896 -63356
179 -690560 33092
180 -110520 69932
181 -928855 91641
182 -1016183 -61447
183 -811970 163412
184 -1097146 -156270
185 -38890 10323
186 -993272 -31890
187 -77286 35708
188 -974746 -2192
189 -815011 131663
190 -948583 70498
191 -881267 124097
192 -619001 -22768
193 -1140563 -166028
194 -1152371 -189292
195 -1103157 -258730
196 -124945 -21566
197 -853195 188373
198 -1153220 -190565
199 -131097 93338
200 -1015617 67245
201 -120490 -82731
202 -134703 19728
203 -1137593 -154007
204 -321097 65265
205 -242749 79125
206 -816708 132228
207 -265518 77852
208 -93267 40092
209 -411677 -125016
210 -1023254 -69225
211 -1099551 -176352
212 -275559 77286
213 -1073529 -100267
214 -1005647 78488
215 -1085621 -121551
216 -571271 -42638
217 -608041 -19869
218 -462023 -107338
219 -762402 126147
220 -140997 -4242
221 -842447 185403
222 -592060 20435
223 -1098348 -205697
224 -40375 12798
225 -569291 13081
226 -810768 129541
227 -356169 -32456
228 -40163 -7778
229 -1160927 -206616
230 -269478 77569
231 -1092762 -251305
232 -916127 102247
233 -1096510 -258023
234 -578766 -36557
235 -276690 -155068
236 -1160715 -214465
237 -461175 -54730
238 -125935 39244
239 -45042 17748
240 -446113 -113349
241 -342310 18314
242 -345068 -1555
243 -189858 -124945
244 -117096 23758
245 -395484 -65265
246 -893641 117662
247 -87893 39103
248 -131875 -25950
249 -347330 -11030
250 -816708 167442
251 -165675 -113066
252 -140997 -15273
253 -1100894 -55932
254 -280226 76862
255 -350371 -20718
256 -1160645 -214960
257 -1099692 -177625
258 -344007 -147997
259 -105571 -69084
260 -622748 33870
261 -1065822 -90721
262 -423910 -67528
263 -1116592 -85772
264 -999071 -39810
265 -1107258 -67670
266 -158604 91853
267 -803061 155917
268 -119996 91146
269 -79690 -46881
270 -439042 -115894
271 -81600 37335
272 -1081519 -21849
273 -86267 -52325
274 -123885 -20223
275 -1028062 -74034
276 -958766 124804
277 -76933 35638
278 -49709 -20011
279 -850932 133501
280 -829577 177625
281 -1112491 -77852
282 -986484 99772
283 -530612 -73114
284 -236385 -144320
285 -499995 -26375
286 -369675 -139017
287 -590080 -27647
288 -952755 63498
289 -1077206 -105924
290 -361967 -41082
291 -833749 180524
292 -579756 16617
293 -1159442 -201737
294 -162351 -111298
295 -1129461 -248123
296 -374483 -53881
297 -214041 83367
298 -1157958 -220900
299 -877165 180241
300 -1147775 -182150
301 -943139 77357
302 -491297 -94893
303 -452619 -59184
304 -1095379 -224930
305 -988888 -25385
306 -1073741 -8697
307 -890671 172816
308 -83014 -49497
309 -325339 -153371
310 -1155341 -194100
311 -594888 -24112
312 -1007273 -50416
313 -129329 -25102
314 -118157 -1343
315 -73114 -41295
316 -1096651 -217435
317 -133077 -92913
318 -111652 80963
319 -1095732 -150189
320 -951765 65195
321 -178332 89519
322 -109318 36203
323 -118298 -3181
324 -1070488 -96237
325 -248972 -148704
326 -1158735 -200040
327 -1093964 -233981
328 -1069640 -95247
329 -627345 -23900
330 -599485 -21637
331 -657892 61518
332 -558048 -53315
333 -912026 159806
334 -1098490 -164826
335 -828163 176635
336 -1068509 -93833
337 -841881 134633
338 -779443 137532
339 -1129178 -115470
340 -118157 -70
341 -729239 62720
342 -341603 27365
343 -935148 143754
344 -955796 46456
345 -641699 -15909
346 -1143957 -236880
347 -115824 26728
348 -386292 -61589
349 -1135472 -243810
350 -118228 -3676
351 -1123309 -252154
352 -965625 15132
353 -1099338 -194100
354 -127915 93125
355 -112854 31819
356 -300661 73256
357 -1106763 -258093
358 -692893 84357
359 -557270 -53952
360 -470367 -48931
361 -1098348 -164402
362 -1055993 18384
363 -676559 22768
364 -885156 175928
365 -744512 115187
366 -1099692 -180170
367 -924259 95530
368 -869317 128693
369 -1092338 -138451
370 -1052104 23546
371 -750028 118581
372 -121551 -16051
373 -825617 174796
374 -1125289 -250881
375 -786797 142906
376 -613768 -21213
377 -88246 -53881
378 -1158099 -198979
379 -147078 -102530
380 -659518 8980
381 -119006 51548
382 -893500 171261
383 -343371 8343
384 -1013708 -58265
385 -312824 -155563
386 -813102 164402
387 -471074 -48366
388 -888196 174160
389 -126996 -23617
390 -724784 103379
391 -516470 -81741
392 -892439 118298
393 -166594 -113561
394 -1087883 -126642
395 -1158311 -220405
396 -686459 29981
397 -342239 20364
398 -90368 39597
399 -130602 -91004
400 -104156 -67811
401 -106348 37759
402 -898025 168574
403 -861609 187029
404 -905379 110167
405 -1152159 -228819
406 -366988 -47093
407 -437699 -64770
408 -440386 -115399
409 -1161352 -210859
410 -1054791 -82519
411 -1033860 -78983
412 -201101 85842
413 -833254 134915
414 -935431 85489
415 -1080883 -111864
416 -637032 -20011
417 -100692 39880
418 -1077560 -106278
419 -681650 78064
420 -115258 87256
421 -1136532 -147997
422 -460326 -108045
423 -1132572 -245861
424 -1098702 -202939
425 -1073246 -7778
426 -275135 77286
427 -138522 -21142
428 -1092409 -138380
429 -59538 -29415
430 -1094601 -145663
431 -1128118 -249043
432 -146088 92913
433 -111864 33658
434 -358291 -143189
435 -616879 -22203
436 -919804 99136
437 -139370 5303
438 -141138 -10465
439 -1147705 -182079
440 -321733 64912
441 -197989 -128693
442 -694096 35638
443 -1150250 -186039
444 -780080 138027
445 -122753 -18384
446 -1063983 -88741
447 -1017809 -63215
448 -729380 62861
449 -876458 126218
450 -500773 -90226
451 -140502 -16617
452 -350937 -21708
453 -848316 187878
454 -1132785 -245790
455 -871509 128057
456 -947452 72054
457 -956361 37688
458 -338916 42214
459 -57699 27011
460 -126854 -23475
461 -499783 -26445
462 -53033 23758
463 -911177 160371
464 -641770 48224
465 -336582 49073
466 -809142 161008
467 -959614 27789
468 -309429 70569
469 -260851 -151957
470 -37405 6576
471 -1093682 -255194
472 -999000 -39880
473 -760493 124945
474 -1037467 -81034
475 -865781 185544
476 -44547 -14424
477 -947169 134420
478 -1098278 -206616
479 -91570 -56780
480 -622961 33941
481 -611293 27647
482 -55366 -25526
483 -357442 -34860
484 -117238 21354
485 -294934 74599
486 -872074 182645
487 -186322 88459
488 -119006 -7990
489 -997161 88105
490 -393363 -130885
491 -51477 -21778
492 -1122744 -99136
493 -1145795 -235183
494 -1097853 -209445
495 -901702 112712
496 -37123 5020
497 -37052 707
498 -1083358 -116743
499 -721602 56780
500 -118228 -80610
501 -1098985 -168149
502 -140784 93267
503 -973898 111510
504 -70710 33092
505 -354543 -144532
506 -1113268 -256679
507 -139795 -18596
508 -38608 10040
509 -866630 185120
510 -205980 -132158
511 -1142472 -238224
512 -637739 44759
513 -1143108 -172675
514 -117450 15627
515 -43840 -13293
516 -767352 129400
517 -556139 7990
518 -1092692 -245153
519 -1115955 -255831
520 -690065 82660
521 -1089651 -130814
522 -132723 24819
523 -1098843 -258801
524 -1029971 50770
525 -733199 108399
526 -1081095 -21001
527 -326400 61801
528 -326966 -153017
529 -533724 -2969
530 -1161140 -207394
531 -138097 -21566
532 -1097712 -160088
533 -114834 58548
534 -657609 61376
535 -955796 44759
536 -341108 31961
537 -1006000 -48861
538 -642052 -15414
539 -329158 59326
540 -935502 85418
541 -709652 47517
542 -117945 2687
543 -1110016 -257386
544 -719834 100409
545 -837285 182787
546 -753563 120703
547 -373210 -137744
548 -162563 91570
549 -340896 33304
550 -1010879 -54871
551 -66680 -35708
552 -1093399 -237800
553 -416768 -68023
554 -76862 35567
555 -360836 -39810
556 -1011021 72549
557 -120208 -13293
558 -1090429 -133006
559 -1120127 -254063
560 -590434 19940
561 -576079 15344
562 -987262 -23051
563 -1062286 -87186
564 -230304 -142057
565 -562715 -49497
566 -110732 77074
567 -1134340 -244658
568 -1155058 -225354
569 -138027 10182
570 -815789 166665
571 -1093328 -237870
572 -399727 -66397
573 -119430 50699
574 -855811 188161
575 -1026365 -72337
576 -525592 -76296
577 -1130239 -118793
578 -878650 179463
579 -293237 -156482
580 -513783 -15980
581 -117945 8061
582 -1098348 -258730
583 -408354 -126077
584 -113914 60457
585 -118016 3323
586 -1150038 -231223
587 -250386 -149128
588 -1056558 -83297
589 -1061650 -86691
590 -343441 8131
591 -79125 -46315
592 -631163 -23193
593 -681580 26516
594 -300873 73185
595 -615112 29486
596 -46527 18950
597 -840608 134774
598 -111510 -74458
599 -303560 72619
600 -1084206 -118440
601 -716016 52467
602 -224011 -139582
603 -771594 132087
604 -927158 149623
605 -99843 -63922
606 -645517 -11242
607 -759149 86691
608 -894277 117309
609 -137673 11384
610 -911672 105571
611 -921501 97863
612 -633567 -22203
613 -555785 -55154
614 -1100894 -258871
615 -1135189 -141138
616 -1094247 -255901
617 -133855 -25243
618 -1137876 -155280
619 -408707 -67882
620 -664043 13222
621 -1155412 -194171
622 -1106339 -65902
623 -294792 74599
624 -1086186 -122541
625 -1092550 -248689
626 -206121 84782
627 -1095944 -150684
628 -801364 122965
629 -955725 49497
630 -1150250 -231011
631 -54588 -24748
632 -673377 72478
633 -391807 -63993
634 -119571 90863
635 -82236 37547
636 -259366 -151603
637 -385019 -60881
638 -809707 129046
639 -119501 -10323
640 -639295 -18314
641 -114692 86832
642 -1127623 -249396
643 -1115460 -83792
644 -698409 38961
645 -657538 6858
646 -119783 -11313
647 -652588 353
648 -1050831 -81953
649 -424546 -67457
650 -603939 -20152
651 -1099904 -258871
652 -111864 81317
653 -516965 -13788
654 -1029052 -75024
655 -1051255 -81953
656 -700672 40658
657 -344997 -1484
658 -1146078 -179180
659 -1160008 -216586
660 -210647 -134138
661 -1048780 28001
662 -243456 79125
663 -110874 66750
664 -117733 10253
665 -1092904 -252295
666 -547017 -61801
667 -1140704 -239709
668 -707248 92772
669 -715097 51689
670 -36910 1555
671 -458275 -56356
672 -922491 152876
673 -1147563 -233698
674 -910612 106348
675 -476731 -101257
676 -290620 -156412
677 -996030 89236
678 -368331 -48436
679 -1118430 -254911
680 -423698 -121056
681 -747482 77286
682 -140431 707
683 -1155412 -224859
