1 -1260651 606876
2 -97791 383953
3 371529 223317
4 -64705 376100
5 -1513948 720944
6 272267 230679
7 -420329 55532
8 -1261956 690474
9 -1049870 445648
10 -573588 41433
11 -725881 589140
12 -152526 397313
13 -166354 400701
14 345541 171672
15 80214 337666
16 -844840 179884
17 93565 36665
18 -923635 241714
19 -587095 46916
20 -288048 428712
21 -859388 190224
22 -1129593 515106
23 -806537 610621
24 -1488648 693334
25 -1099309 490056
26 355142 185255
27 -1250378 600847
28 -1037914 433628
29 -1463536 729701
30 128441 316327
31 -958739 272610
32 -598172 554761
33 278956 229841
34 -326170 69457
35 105061 327739
36 -456469 21857
37 330691 155671
38 128835 316004
39 342530 255045
40 -359085 85939
41 230369 84997
42 38154 64089
43 28664 65624
44 -1287252 621813
45 355270 251102
46 252660 96249
47 321373 244436
48 -1396510 667674
49 -1303275 630445
50 218687 79429
51 -583997 550961
52 -343877 460888
53 -560205 36355
54 -274767 424935
55 -923465 641420
56 -875508 628945
57 -358959 483858
58 149496 49624
59 306949 132959
60 -1331416 644616
61 -427286 509995
62 -1481900 734143
63 -324939 68577
64 332652 251803
65 -28719 57175
66 -180968 11959
67 -1095290 675473
68 343374 169087
69 -388055 499215
70 -370506 88954
71 -179740 403855
72 -287782 46441
73 -650976 73747
74 150807 50173
75 -563442 37510
76 205580 266930
77 -1009383 381423
78 -415725 66109
79 256152 98130
80 -1026836 665124
81 -186501 405411
82 -211489 15050
83 -901694 222912
84 333076 158027
85 -171880 12223
86 -469024 18906
87 -535958 27427
88 -1430724 716219
89 -33935 56098
90 194442 68763
91 -1133238 517837
92 25251 354432
93 222070 255557
94 -1010695 354033
95 159611 298055
96 -235767 20937
97 -1086618 478778
98 -85853 42591
99 -1364174 699521
100 336044 253284
101 -546557 31137
102 364281 242914
103 -403247 83825
104 -373301 493522
105 -1006619 316756
106 -767430 600247
107 -546380 31044
108 -397912 502191
109 -655355 75735
110 -1077493 673372
111 -1337394 697061
112 -801029 609051
113 356506 250445
114 -1179089 684014
115 -380781 496706
116 -1508084 703216
117 -1492660 734994
118 59457 344851
119 -410887 505692
120 -828785 168969
121 143175 308040
122 -3684 61871
123 186539 280112
124 20434 65696
125 -1497407 734800
126 -132246 22862
127 -51695 52516
128 -418340 59911
129 79788 42065
130 -719479 587549
131 -72994 46966
132 -342664 78907
133 -1000922 310216
134 -1057084 452315
135 -1448205 723815
136 -212126 411108
137 -297878 52376
138 -953793 268281
139 362802 198170
140 -445816 514977
141 -964428 277674
142 280703 229931
143 -56018 51417
144 -1469029 687206
145 -413729 506524
146 -1507155 731376
147 3731 63251
148 -6019 61527
149 -1489666 734874
150 -420522 54956
151 -1296554 693354
152 -1514227 713390
153 -368533 490987
154 -1513105 724233
155 -430096 38867
156 -1489937 693680
157 -504359 19120
158 309100 134873
159 -1260433 606647
160 -1494495 734951
161 -1239007 688691
162 370902 230445
163 -459397 21036
164 -859694 190500
165 -1171822 547300
166 360375 247709
167 -27149 57359
168 117310 322019
169 -1019324 409587
170 13471 357411
171 -1011977 349278
172 -1458657 728014
173 -422500 51024
174 -581250 44488
175 -881739 206978
176 -448129 515527
177 -364435 488468
178 -704801 98402
179 -923376 241349
180 -261339 421646
181 363976 200378
182 -1509712 729337
183 -401731 503315
184 -410883 75427
185 -673406 83748
186 297671 125094
187 -1448639 681461
188 -782806 604345
189 -1113983 502502
190 -971218 283436
191 -228989 414751
192 179151 285173
193 -566085 546307
194 -614020 57834
195 -375249 494331
196 -893820 633699
197 57992 345291
198 -340104 77546
199 -1211941 576220
200 -1157310 681948
201 -1514474 717825
202 -1227649 586723
203 -15296 364439
204 -65379 49146
205 132780 43109
206 -1427005 714695
207 85757 335738
208 88512 36747
209 -432446 36152
210 -156527 398308
211 -1440724 720630
212 258009 234750
213 371698 224699
214 -383761 90226
215 107929 36842
216 -1364886 699673
217 -297099 431712
218 -51854 373005
219 -1423489 674658
220 -1486807 734713
221 -1296611 626789
222 -42380 370799
223 -1231418 688054
224 366804 206123
225 -187762 12174
226 60383 54988
227 314687 140057
228 -1149498 681305
229 -1356185 698784
230 -787392 142656
231 -198687 408266
232 -101581 36230
233 -1068133 672019
234 273034 107727
235 117862 38696
236 -765388 129937
237 362543 244970
238 371820 225994
239 -516663 533393
240 -272471 37961
241 369044 211614
242 -1262357 690574
243 -1037784 433446
244 -688839 90934
245 -1203598 686060
246 -236121 21124
247 -259357 31101
248 -987683 297627
249 -202976 13807
250 -818311 162041
251 370602 230945
252 -1499248 734533
253 -898309 634840
254 354068 183448
255 -217055 16084
256 -1358601 655899
257 -37667 369652
258 -588175 552050
259 -1419831 711786
260 -262586 421856
261 -1079310 472287
262 -616037 559503
263 -957299 649783
264 -330166 447482
265 69838 48488
266 -608176 55407
267 -387078 89951
268 -1353731 698499
269 -714790 103260
270 370848 217563
271 170749 290886
272 -769756 132373
273 -1013909 341811
274 -227389 414353
275 -760322 598279
276 -131808 392186
277 -389413 89607
278 -1512628 709369
279 336767 253579
280 168532 57736
281 -1083336 674100
282 -1012083 325437
283 -698921 95615
284 -740983 116621
285 178751 62043
286 -477728 17872
287 68743 49410
288 -1320280 639147
289 -596176 50498
290 -270636 423757
291 -451095 23870
292 337071 162132
293 -744208 118223
294 -424988 46344
295 324681 149693
296 -1496093 696160
297 -434795 512062
298 -304767 434544
299 203119 268692
300 -223728 17593
301 297582 232282
302 -1162996 540682
303 -348351 468024
304 -978007 289198
305 -1503298 699651
306 47516 61036
307 -1270840 612633
308 -700549 582467
309 211086 75996
310 -848269 621597
311 31517 65239
312 116868 322253
313 -330036 447300
314 -1012888 395065
315 -872565 199949
316 -1476002 689215
317 -1503651 699839
318 -1117770 678139
319 -622649 61629
320 -295416 431044
321 -1482970 691447
322 -176939 403158
323 -416059 65267
324 -1458881 728019
325 140095 45789
326 308617 237061
327 -996470 305810
328 -1027834 421699
329 -1010601 354209
330 -394094 88472
331 -115150 30307
332 -422547 50936
333 -1514623 715413
334 82744 336887
335 -1009042 377164
336 -318922 440938
337 -1064081 458754
338 -1509618 729514
339 -546620 541167
340 -41486 54676
341 73006 46351
342 -937734 645043
343 36642 64440
344 -1106663 676876
345 -843827 179232
346 -395223 88053
347 -222405 413289
348 -113043 387645
349 139913 310000
350 364239 243049
351 -1138808 522271
352 -1011134 324026
353 -1212216 686678
354 -349636 470293
355 -959476 650374
356 -1008897 365082
357 -303084 433875
358 -1195497 564758
359 -416722 63808
360 -352554 475242
361 -526413 24504
362 -301363 54342
363 -1023420 415729
364 -311983 437588
365 -1176433 550770
366 13482 64975
367 -146524 395820
368 -1183021 555633
369 315469 140887
370 -1380535 701765
371 -1396922 704815
372 -427641 42206
373 -1013215 662412
374 -984267 294678
375 -411817 73884
376 -1199180 685636
377 -640163 566102
378 -1504022 733221
379 -973055 285092
380 -377102 89970
381 -1045942 441747
382 -514556 21031
383 -684643 578087
384 -1509704 704643
385 -651673 569164
386 -1456771 683634
387 -1466201 730439
388 -1459302 684413
389 -1250160 600618
390 76182 339243
391 -487771 525959
392 367185 207052
393 -95967 383549
394 -248262 25768
395 -784142 604602
396 -1451659 725199
397 286317 116521
398 84150 39406
399 -1390249 665818
400 -66644 48686
401 -1093014 675282
402 -313266 438156
403 -1154476 534339
404 -943112 646430
405 -799066 149883
406 345800 255231
407 -986472 656687
408 -1015072 400757
409 -1164405 682662
410 -903729 636363
411 -351953 474243
412 -1163126 540864
413 -367123 88288
414 -1423666 674752
415 -780428 138500
416 -754404 123757
417 359474 192125
418 -1488995 734857
419 369630 213567
420 -1275575 691486
421 -466705 520421
422 247272 240118
423 -1058196 670473
424 -1031781 426630
425 -710770 585183
426 -911946 231534
427 7693 358898
428 -79562 379470
429 -436658 32277
430 -1389402 703195
431 -870280 198281
432 -281077 42650
433 -1432422 677029
434 -1203805 570648
435 -1406966 707438
436 -1014427 337216
437 -1169853 683067
438 -1152151 532536
439 261692 233584
440 294072 231431
441 -152831 15459
442 -1275840 691627
443 -1003231 312689
444 -18333 59241
445 -1286465 692520
446 -626103 63013
447 340554 254736
448 -1085134 477309
449 -831958 617342
450 -20268 58797
451 -970326 652972
452 -1285356 620691
453 -1009199 361958
454 -1512870 724674
455 -820136 614227
456 -1131648 679515
457 242110 242977
458 -795281 147417
459 -508237 19709
460 -1328938 643525
461 234672 87126
462 -1232753 590117
463 -81116 379956
464 -365564 88025
465 -1069116 463130
466 -1105615 495448
467 -570045 40002
468 -1014248 335422
469 -37393 55558
470 -817959 613636
471 -18144 365047
472 -1010821 388303
473 -210166 410746
474 -878397 629689
475 162825 296006
476 -1019493 663598
477 -153913 15128
478 -1298160 693528
479 -1478621 690041
480 -812765 158413
481 -662647 572168
482 -1405013 706852
483 -313748 61720
484 -1011110 389250
485 -940095 256128
486 -637168 67764
487 -1477846 733460
488 304767 235144
489 -1013729 329370
490 244048 91767
491 367905 237589
492 -112616 31451
493 -997123 306497
494 -335601 451958
495 339607 254447
496 -240027 416996
497 327103 248184
498 -520376 22653
499 -529862 536900
500 -1225229 585097
501 206653 74049
502 -362010 87042
503 90230 333926
504 -1511094 706288
505 -984 62475
506 -1482124 734149
507 -409263 77623
508 -893274 216170
509 366066 240945
510 279582 111947
511 -1329629 696330
512 86110 335550
513 -443758 27444
514 -1219676 687133
515 -1446109 680682
516 271466 230878
517 -579866 549784
518 -1497688 696782
519 43293 349596
520 -407278 80078
521 37385 351265
522 -470571 521458
523 316688 241377
524 -1112452 501122
525 -344396 461617
526 -1213348 577194
527 296073 123792
528 -1513832 722014
529 -324308 443801
530 128494 41650
531 -880726 206327
532 -403658 83477
533 -995057 658647
534 -1016729 404243
535 94147 36695
536 -834847 618085
537 -1376526 661806
538 -120957 389588
539 -1504205 733091
540 -502217 529676
541 16711 65297
542 -1342699 649595
543 265498 103353
544 -30995 368143
545 -379243 90202
546 350685 253767
547 264681 102881
548 -465877 19498
549 -265761 34393
550 -360314 485144
551 -477505 17866
552 223079 81511
553 -534716 26994
554 -442394 28305
555 -1375411 700966
556 -903225 224292
557 -136856 21009
558 -339841 455911
559 -217998 412418
560 -1467755 730926
561 -953004 267635
562 -323690 443473
563 45657 61798
564 250404 238340
565 -1009374 360352
566 -1478693 733571
567 -1506744 731723
568 -1447893 723762
569 -357221 481801
570 -489363 17716
571 -634867 66767
572 -1406566 707338
573 -1102989 493146
574 -1345842 650927
575 -1185435 557483
576 230566 250021
577 -512350 532346
578 -259710 31289
579 -101399 36359
580 -832741 171752
581 -389208 499602
582 -1323646 695867
583 -1013877 330582
584 191726 276448
585 -753743 596593
586 -247147 418517
587 -90416 40826
588 -1421025 712308
589 -1123104 509844
590 -1008850 374118
591 -862133 625345
592 -557818 544177
593 -330002 71835
594 -1012071 349102
595 221853 255786
596 25516 354291
597 -1045987 668512
598 60866 54618
599 -1180431 684048
600 -485610 17532
601 -121799 27387
602 -944688 260269
603 212792 261963
604 165322 56385
605 -978953 655067
606 -1497989 734770
607 -437070 31929
608 -1434111 677474
609 -670133 82234
610 -1320969 695576
611 -317493 64051
612 -1487895 693047
613 -79627 44716
614 313602 239620
