1 -598544 202704
2 -645962 -131901
3 -797015 339427
4 -1208457 -122088
5 -1578101 632164
6 -852943 -88375
7 -1422430 78224
8 -857607 -88984
9 -1505104 527528
10 -457880 -131507
11 -1324040 954634
12 -123212 138187
13 -1657322 914635
14 -1456873 979050
15 409699 -110613
16 -385917 139395
17 128172 -130626
18 -1004027 539345
19 -467821 -131473
20 -181670 138593
21 -814179 -124132
22 -1547125 964228
23 -825615 -105859
24 -1601855 697141
25 552467 105953
26 -1668350 850229
27 -1415695 62050
28 -1128980 666438
29 -1561565 961760
30 522874 122939
31 -1524361 967926
32 -734172 -132190
33 -605192 201821
34 -1602861 699463
35 563518 -10024
36 -694544 -131935
37 -1646340 927943
38 -336833 -131356
39 -1162751 -131641
40 -1496114 474109
41 -369367 139538
42 538850 -43601
43 358219 -118831
44 -593888 203413
45 -924772 -111824
46 519978 -60812
47 -556447 -131598
48 -885731 -97969
49 -1394016 989167
50 -1538293 562670
51 -466160 152451
52 -1499846 502993
53 -145719 138426
54 -1619461 735453
55 -873965 -93627
56 -1416460 986400
57 -892539 -100472
58 -1494548 460795
59 72292 -130997
60 -1077180 -135598
61 -1422807 79095
62 -1589777 956079
63 -216890 -131202
64 -1033009 -133340
65 -1429514 984154
66 -1607549 710596
67 -1291054 902310
68 -302462 138967
69 -1486523 397754
70 -1614084 724480
71 342725 136289
72 -1317791 -66807
73 -992144 -128861
74 -1467446 272641
75 -1272533 -96475
76 574056 72608
77 556507 -21679
78 -1143184 -133844
79 -55100 -130900
80 -578430 -131614
81 -234488 138791
82 251531 -127061
83 -1145411 -133637
84 -320940 139057
85 -579733 -131628
86 -1501245 512106
87 -1331378 963930
88 -1033301 567601
89 -1276193 879318
90 79132 137319
91 -1378526 988816
92 -1624340 943820
93 -1189370 750896
94 469899 132960
95 -559873 203578
96 -1447837 165542
97 -999641 535111
98 -1559301 580205
99 -1224764 -116990
100 -690567 236814
101 -539082 -131584
102 -645801 203589
103 -1262196 858157
104 -478152 -131574
105 -705979 -132032
106 -1511779 969830
107 -1581287 643329
108 -316761 -131307
109 561960 -12870
110 -236763 -131234
111 -1383577 989177
112 449647 -99087
113 -779956 -132080
114 -1632031 760954
115 -285704 139028
116 -767191 310616
117 554236 104100
118 -886511 -98238
119 -1373005 -9401
120 418751 -108516
121 284493 136414
122 -1180685 -128592
123 -1525534 557964
124 -790547 -131501
125 -498432 -131541
126 -1367640 987158
127 -788320 -131707
128 -179154 -131113
129 -1268321 867359
130 -268828 138898
131 192700 136915
132 -1647621 795728
133 -1531348 560165
134 -1302747 -78139
135 341211 -120620
136 -781440 324327
137 -900630 439477
138 478579 -86719
139 -501840 179344
140 -1304523 924320
141 -838129 379094
142 146815 -130300
143 -819704 -119496
144 -743407 -132195
145 -1644208 787695
146 -643838 202958
147 -106952 138204
148 -1139833 680345
149 -1525426 557873
150 203754 136778
151 -1513452 546071
152 -821551 -116747
153 -1572685 611558
154 -377085 -131365
155 -666333 -131976
156 -1670052 874272
157 -1626735 942507
158 -1316562 943745
159 -1013124 548086
160 -1665373 839146
161 -1279328 884163
162 -1502358 971156
163 -1130557 668408
164 -825355 -106539
165 -201850 138635
166 271308 -125933
167 -436207 142825
168 -907822 -105925
169 182967 136867
170 -1669113 884191
171 -1566507 593729
172 17261 137728
173 -1346216 977489
174 -831413 -93518
175 409249 135483
176 -1195712 760279
177 -182567 138515
178 -1650137 801531
179 -1591225 670868
180 -826930 -101156
181 -877709 417290
182 -1510365 540620
183 -1438951 129379
184 548257 -32941
185 -1585122 655040
186 -715213 -132037
187 -1544584 565733
188 -1615064 947945
189 -240111 138801
190 -1464009 252865
191 375102 -116751
192 267912 -126129
193 -1506045 530257
194 -1665508 898058
195 -1363733 986095
196 -828916 -96813
197 -1123904 -135068
198 -1485570 390309
199 448900 134335
200 -419647 140560
201 -523686 192690
202 464397 -93280
203 -1572121 609700
204 -1389706 989243
205 -680730 227636
206 -34023 -130863
207 -1577265 958780
208 577172 59931
209 511333 126346
210 -351395 139504
211 -490266 169816
212 324773 -122058
213 577907 54977
214 -1179821 736976
215 -70104 138115
216 -748115 -132306
217 -208569 -131076
218 -120034 -131060
219 -1474750 315969
220 285489 136501
221 -918497 456685
222 -1625792 748149
223 -1349388 -37248
224 -1457174 212607
225 437412 134836
226 99208 -131152
227 -1641090 780740
228 -1460325 978347
229 -1660637 908924
230 -737475 281897
231 532019 -50423
232 517255 -62957
233 -478483 160207
234 -1460538 232691
235 -1471521 296275
236 -548853 201531
237 -379602 -131284
238 -807229 -127841
239 -879612 -95627
240 109512 -130752
241 21679 137713
242 -1008230 -130871
243 -885821 425113
244 492202 -79504
245 570570 5750
246 256828 -126798
247 -1234543 816308
248 -385120 139465
249 -1443544 147447
250 90454 -130914
251 -828933 -96613
252 -1558617 579261
253 -101022 138120
254 -1062666 595749
255 -535982 197838
256 -803512 -129021
257 305171 136416
258 -1475445 975618
259 191498 -129301
260 -1575580 959028
261 -834637 -91090
262 -1214244 787367
263 -1251532 841825
264 -1496283 474897
265 -615887 201287
266 -809218 -126910
267 -40671 137879
268 -258788 138873
269 -1508882 537437
270 -1532477 966614
271 -1117438 652692
272 -574102 204441
273 -813457 355254
274 -1471725 297462
275 506863 -70391
276 -771618 -132153
277 -22879 -130892
278 -1105116 639215
279 395004 -113605
280 -313854 -131253
281 -1339417 972061
282 -951935 -120324
283 -1480409 353117
284 443601 -101122
285 -1468006 275603
286 288984 -124888
287 -139707 -131075
288 53424 -131042
289 466161 133235
290 -605029 -131632
291 -1650756 923340
292 -1256797 -104233
293 -335737 -131260
294 -1550048 569672
295 -1039979 573943
296 577136 30516
297 -795515 -130931
298 -1497702 486518
299 -1373458 988255
300 -1502956 520188
301 -1066736 599810
302 -1288383 -87422
303 -159381 -131089
304 -752383 296252
305 -1520837 554761
306 -1563173 586592
307 -1317481 945070
308 -899936 -103127
309 -230045 -131148
310 -1331368 -55045
311 566957 88349
312 -291980 -131146
313 58445 137416
314 -1338334 971152
315 -1569765 602277
316 -944793 -118193
317 359107 -118653
318 211626 -128745
319 -986151 522037
320 -1243191 829103
321 -904898 443520
322 -1498615 494669
323 -1537930 965835
324 -654353 207257
325 -760564 -132290
326 -891308 430455
327 399897 135669
328 -1142330 683640
329 367549 135951
330 -1497789 487514
331 -1226390 804574
332 -873575 -93492
333 323649 136326
334 -1047975 581575
335 575757 66935
336 -1407512 45399
337 -337426 139321
338 220635 -128459
339 -1354782 982461
340 -1516317 550137
341 -703156 248762
342 -931117 -113885
343 59541 137512
344 304565 136463
345 475495 -88193
346 -940398 -116805
347 -1192030 -126272
348 120697 137241
349 -1595956 682500
350 28418 -130921
351 577481 33458
352 361719 136043
353 391743 -114191
354 -1378592 -1758
355 -624586 -131837
356 -844115 -88305
357 -1547249 567507
358 165457 -129974
359 -1170154 722865
360 -1388952 13395
361 37858 137522
362 -1185569 745306
363 -1569479 601299
364 403692 -111941
365 426689 -106316
366 -827047 -100966
367 305737 -123623
368 -1449370 172736
369 -1243551 829774
370 -452102 146654
371 -248306 -131240
372 -1159294 -132142
373 574513 18040
374 -722901 267914
375 -699429 245173
376 238836 -127669
377 -1533419 560888
378 -633732 201031
379 -669870 218247
380 -1638215 774266
381 -1108098 -135593
382 -622371 200820
383 -1287859 -87677
384 306543 -123653
385 -1079529 612945
386 -1117997 653346
387 135663 137145
388 69875 -130908
389 -1634494 766159
390 -1309466 932621
391 -1586835 659708
392 -76385 -130855
393 -1577155 628232
394 -1483740 377419
395 -534166 -131556
396 -795039 337491
397 -1662606 905038
398 418999 135333
399 -1670229 872851
400 -823979 -111940
401 -1582970 648803
402 -1344417 -42435
403 -277465 138945
404 -796945 -130655
405 -851728 392259
406 173724 136962
407 231429 -127916
408 511749 126182
409 245319 136701
410 -1104566 638661
411 -1234201 815836
412 -1287551 896694
413 -1005341 -130618
414 -781775 -131938
415 -916388 -108983
416 100019 137239
417 578264 42862
418 -1335411 -51283
419 -1491655 438060
420 -118938 -130964
421 -1217217 791524
422 -1562939 586211
423 -1664827 837487
424 -127639 138301
425 533597 118557
426 110508 -130665
427 286584 -124998
428 -1451741 183771
429 -686712 -131953
430 -1025746 -132604
431 -1384674 6944
432 230761 136732
433 -972669 509063
434 569216 84331
435 -671712 219792
436 -824373 -110870
437 -945028 482270
438 -15874 137841
439 -1395499 23965
440 -1254492 -105337
441 -397257 -131423
442 -1428825 984315
443 -1540897 563747
444 -3703 -130920
445 -1474802 316567
446 -966569 -124013
447 -1668190 849540
448 -974536 510907
449 -1483462 974315
450 2803 137768
451 -1654144 810616
452 -1428360 94369
453 -959737 496643
454 -967258 -124174
455 -1498459 492876
456 -88573 138105
457 -511667 186113
458 -723534 -132163
459 -672561 -131919
460 -1553775 573260
461 522259 123086
462 -143401 138328
463 -826289 367683
464 -1076660 609984
465 -1477975 336767
466 -879811 -95644
467 -1434477 113810
468 -1403371 988248
469 482977 131494
470 -989327 525072
471 -416108 140267
472 -1666641 894948
473 -1362529 -22437
474 -1348131 978726
475 -1153621 699115
476 -729763 -132105
477 -955659 -121353
478 7740 -130923
479 -493732 172725
480 -871022 410848
481 -839627 -89117
482 -1594564 679209
483 -504206 181144
484 -1464791 257213
485 -163084 138412
486 -1627635 752003
487 -1404866 988117
488 -1602518 952556
489 -1517621 968917
490 -1260232 855217
491 49205 -131009
492 -931988 469759
493 -1090762 624309
494 -1414472 59547
495 -911131 -107117
496 -801758 -129570
497 -81140 138053
498 485203 131287
499 -854727 -88631
500 -1062168 -135088
501 15272 -130967
502 -515064 188225
503 -822370 -115413
504 -256735 -131275
505 -894098 -101010
506 -1405462 41463
507 459836 -95084
508 -850543 -88265
509 -1516876 550791
510 -97553 -131000
511 -1444227 981361
512 -1053453 586818
513 -726953 271776
514 202318 -129057
515 -1240949 -110978
516 -1367470 -16445
517 -1295151 908979
518 570799 6573
519 -812047 -125552
520 -945579 482824
521 -199343 138653
522 -867919 -91592
523 -161897 -131008
524 -1092422 626071
525 -1566490 593529
526 -1654192 919024
527 534022 118293
528 505066 -71653
529 116578 137282
530 -842487 -88564
531 343593 -120311
532 -959078 495998
533 -1489106 418106
534 183892 -129565
535 -1607675 710886
536 -295536 138971
537 -856222 396584
538 -846532 -88215
539 -1073577 -135483
540 -1174992 729970
541 -13046 -130834
542 -1643106 931137
543 -1026506 561069
544 544602 112091
545 34348 -131004
546 -1494256 458612
547 528586 -53634
548 -80994 -130957
549 -843499 384246
550 572173 78065
551 -1150305 694486
552 -1554993 574559
553 -809622 351574
554 -859084 -89314
555 -526100 193885
556 -979380 -126740
557 -1501502 513890
558 99208 -131152
559 -771310 -132227
560 -1428208 93780
561 -1574707 618609
562 171469 -129849
563 -1634265 937933
564 -1357602 983720
565 543419 112992
566 -1589279 956123
567 211784 136778
568 -1661274 827860
569 -1018971 -132011
570 -627202 -131765
571 -1613347 722938
572 -1490342 427635
573 429771 134970
574 544521 -37283
575 -1461576 238824
576 -835377 -90652
577 -1018718 553519
578 -1551283 963563
579 -1489096 973320
580 -1198703 764635
581 -993738 -129000
582 554096 -25102
583 -1483035 371659
584 -830459 371735
585 490478 -80458
586 -163790 138451
587 -459878 149487
588 -251663 138894
589 -582822 204281
590 -401575 -131399
591 -1323706 954262
592 560325 97606
593 323985 -122227
594 -1453521 192650
595 -1442260 981834
596 -662872 212836
597 91160 -130953
598 -1160388 708762
599 -818378 -120886
600 -482899 163635
601 -198927 -131136
602 -930229 468006
603 562479 94783
604 130879 -130590
605 -1310970 934898
606 141493 137053
607 -1320816 -64361
608 -1507607 534336
609 -1520512 554488
610 -356905 -131406
611 -417429 -131481
612 -1512056 543885
613 267717 136552
614 -1439889 133212
615 -368760 139491
616 -1205847 775153
617 -661797 212027
618 78526 137366
619 -183472 -131089
620 -1237106 -112448
621 -315309 138947
622 -626680 200745
623 -1252702 843730
624 -1480957 357084
625 40565 137558
626 -431321 142048
627 -140413 -131036
628 -920775 -110471
629 -740543 284841
630 -53228 137985
631 -1041295 -133864
632 -561493 203737
633 -1471495 976366
634 -3317 137735
635 326066 136237
636 -1656039 815068
637 -221126 138655
638 -1224435 801734
639 -400783 139500
640 -686632 233143
641 -695928 241866
642 -1107202 -135514
643 -1331044 963558
644 -1398668 29209
645 -1670648 861571
646 -60960 138012
647 -650479 -131894
648 377576 -116334
649 -353505 139520
650 388345 135763
651 -1497711 971964
652 -1047380 -134296
653 -276716 -131216
654 -1589698 667187
655 -1488006 408967
656 224441 136681
657 -296788 -131266
658 -1415962 986444
659 -357611 -131367
660 -559354 -131651
661 -586417 204066
662 -217015 138713
663 151224 -130215
664 -1302425 920990
665 -536497 197994
666 -23605 137867
667 -1164415 714633
668 -548238 201384
669 -42145 -130971
670 498641 129150
671 -1270870 871251
672 -446340 145050
673 -1613523 948682
674 -653937 207093
675 -979779 -126775
676 -1670583 861979
677 249836 136694
678 -1175681 -129560
679 -604224 -131662
680 -1660116 824950
681 -1433878 111553
682 -402992 139507
683 -709518 254931
684 -862527 -90117
685 -865327 405424
686 -34651 137904
687 -1219392 -118728
688 -1124511 -135021
689 -1090227 -135635
690 -1601938 952807
691 -1620810 738246
692 -471971 155757
693 -848442 -88182
694 -1297951 913452
695 97602 137329
696 -759866 -132229
697 -100460 -131054
698 -610581 201450
699 -1575458 621454
700 -714454 259719
701 -511985 -131522
702 -571395 204477
703 -1198598 -124638
704 -915529 453732
705 -1637187 935770
706 -1499950 504189
707 -1477675 334484
708 154639 137099
709 -1057278 -134760
710 -1092527 -135736
711 -636782 201467
712 -767741 311170
713 -270098 -131139
714 -1492690 445297
715 -782099 324972
716 434428 -104133
717 574855 19877
718 -1271585 -96995
719 -1444829 152956
720 -863705 -90421
721 578314 46881
722 -489903 -131498
723 265109 136525
724 -333905 139228
725 -445739 -131448
726 -1579846 638336
727 -678013 225264
728 -1355711 -30373
729 162180 136956
730 -61520 -130960
731 -437709 -131449
732 454340 134108
733 -1207919 778184
734 -1283832 890896
735 -518703 -131608
736 -1668616 886544
737 -816311 -122713
738 -1503555 522444
739 -1458552 220317
740 -831746 -93145
741 -868699 -91861
742 -934434 -114978
743 -1304571 -76793
744 -1564436 961308
745 -754142 298006
746 -423657 -131424
747 497935 129189
748 -902274 -103933
749 -838388 -89511
750 380804 135906
751 -1455345 202027
752 346853 136148
