1 -322346 22452
2 -721210 -79218
3 164075 99427
4 -300950 -106191
5 42469 562498
6 -695623 -107223
7 -661073 759055
8 -714896 -94677
9 190850 453337
10 -595937 -113389
11 -648943 -114004
12 -619090 856
13 -32929 21974
14 -7451 603633
15 -555484 680824
16 -68588 41136
17 -461498 18868
18 -16819 21133
19 -122972 -104230
20 -570704 857336
21 30224 24186
22 -32643 643457
23 -460273 325753
24 178524 259715
25 161997 96769
26 -705023 -102709
27 -579691 694583
28 -24681 21324
29 57278 -107933
30 -669074 792548
31 144758 87134
32 150105 -28606
33 158124 517386
34 148900 -54550
35 -581574 11841
36 169370 108830
37 131293 85756
38 -37248 653300
39 -415052 839388
40 -391356 832773
41 -450120 -108259
42 151084 -37706
43 -140432 732244
44 -272604 -105903
45 -455117 300317
46 181185 298238
47 -630624 -3599
48 -53075 -104453
49 82587 25567
50 -444663 238075
51 -75002 63559
52 150562 -46107
53 6838 22186
54 -233963 -105592
55 69518 -107584
56 17702 578790
57 11721 103955
58 -74962 63201
59 -363225 17652
60 -558080 857225
61 -74254 69669
62 143888 -11239
63 147758 -19741
64 -1304 105165
65 174923 143906
66 149281 -53448
67 -530887 661779
68 -710961 -54562
69 -543871 -111343
70 127069 -88273
71 42871 25138
72 -280898 78378
73 -673711 -112334
74 -314838 24705
75 -161279 -104782
76 -374964 141476
77 -344300 760514
78 -316333 117963
79 -510024 630070
80 -417153 839714
81 133378 3307
82 -200118 696652
83 60168 97090
84 -373699 -106924
85 11920 22664
86 -435492 18368
87 24504 102410
88 -367873 -106866
89 -294976 35105
90 -476726 408678
91 -441825 843292
92 -160909 722111
93 -478488 848558
94 -600277 -113506
95 85469 25244
96 -388832 -107091
97 -39529 103115
98 -165572 719111
99 -393096 -107144
100 -612401 852112
101 138206 86074
102 -324519 745652
103 -93024 729729
104 150968 -37412
105 -523698 18632
106 -517851 853777
107 -497758 531754
108 -72368 75821
109 -110170 734139
110 -668879 784226
111 -333695 125586
112 -44786 101445
113 106188 88450
114 -385816 147252
115 33795 24441
116 -3722 21548
117 -229981 -105515
118 186591 373004
119 -449808 267698
120 -31328 640645
121 -365929 795625
122 -146877 729968
123 -402193 158835
124 -492664 490991
125 -492514 850495
126 -54307 28316
127 -428975 18223
128 -580485 -112824
129 190784 454195
130 148483 524830
131 -279647 64286
132 -144583 -104610
133 -63527 89244
134 -218270 691994
135 -94178 -103697
136 -336063 19819
137 -353437 132779
138 -413712 169142
139 -170732 715304
140 -708767 -52198
141 -454204 295339
142 -506336 852343
143 -369098 808892
144 71147 95206
145 129858 535048
146 -449121 -108205
147 -73088 50544
148 -472844 388961
149 38313 100421
150 177818 494226
151 -313754 116601
152 -130106 734251
153 142556 528472
154 -720514 -84248
155 172773 120954
156 -32365 21925
157 -311692 25778
158 177075 234218
159 -486342 457787
160 -467229 360645
161 -397266 834993
162 -666195 808409
163 -70472 713276
164 -707243 -101309
165 -508617 19016
166 -38567 -104942
167 -227912 692127
168 -265357 -105827
169 36776 100698
170 -581139 11945
171 -37544 653965
172 -212569 -105264
173 -503184 851855
174 -324720 121891
175 40840 563350
176 174586 133572
177 -214912 -105272
178 22646 23571
179 -253283 -105747
180 -292000 -106122
181 -49068 99549
182 -378999 17471
183 -721185 -78936
184 -574545 857246
185 -379461 825131
186 -691417 -37249
187 -13879 105840
188 -406199 837549
189 -24627 627992
190 96947 23388
191 -472607 847618
192 189824 412400
193 -683229 -110791
194 -355300 -106759
195 -718293 -89695
196 -396428 154143
197 -42769 665637
198 128804 7824
199 -658098 754110
200 -620065 718273
201 -465915 354568
202 -196091 -105144
203 -545845 674160
204 -398291 835438
205 -363539 136573
206 18281 23172
207 182271 313900
208 -128028 -104426
209 150365 -29693
210 -297955 727996
211 63589 96436
212 -561320 -112017
213 -373020 817611
214 -306335 733627
215 -662816 816205
216 -237789 693630
217 -174360 712782
218 -28768 105226
219 -137452 733048
220 -483174 441255
221 18430 -107373
222 -283020 84952
223 -486708 460090
224 116411 86846
225 -668473 781565
226 -59913 699291
227 -347966 18447
228 -600528 854764
229 -286966 43916
230 187103 380484
231 -662981 815936
232 -74467 56698
233 -649250 742476
234 87576 547478
235 -371487 814851
236 55344 556332
237 -395811 17593
238 -470317 376460
239 29857 570060
240 -623644 848552
241 123021 -91539
242 115781 540468
243 -241761 694475
244 -436766 842708
245 138999 86218
246 70328 551543
247 129940 -85472
248 -281094 79389
249 171790 116213
250 -698777 -105953
251 185943 363976
252 -616763 850932
253 176285 217890
254 -467992 -108896
255 -587820 856420
256 -688585 -109542
257 -352626 769192
258 -296749 727181
259 -473598 392505
260 -70623 44650
261 27098 571792
262 7094 588164
263 48754 98869
264 -3838 -106348
265 -663110 763350
266 -69289 81798
267 -332387 125117
268 -52636 686730
269 -220344 691820
270 -342759 129076
271 188656 398235
272 -383107 828076
273 163494 512231
274 -479995 424864
275 -40756 23369
276 -710503 -98823
277 -302373 30074
278 -444183 236258
279 -571225 689938
280 -502611 603656
281 -361569 782184
282 -635255 -114137
283 -538612 17736
284 -81799 723352
285 -641156 734386
286 184779 480486
287 -26778 631800
288 -496174 514154
289 -71538 46362
290 -487890 849807
291 -100882 732404
292 -290297 97514
293 -457213 310437
294 135395 1214
295 -381060 17438
296 -318411 741640
297 -210285 693211
298 90481 91457
299 139665 -4340
300 24991 102297
301 -649774 -12358
302 -247849 696285
303 178975 266490
304 -361440 782030
305 174251 130549
306 -634140 843792
307 -66615 708679
308 102150 22010
309 -59953 31933
310 -518782 18840
311 -105418 -103991
312 -156246 725110
313 -620668 718681
314 -669093 790704
315 -324880 21893
316 -655846 750648
317 -452231 283810
318 -288903 41246
319 -279658 71456
320 -582462 696174
321 190916 426500
322 -497076 523318
323 -659360 -17269
324 -500721 586313
325 -343246 129190
326 -308558 113520
327 166178 102366
328 -332963 751359
329 -652658 830080
330 -73541 51861
331 -119904 734849
332 -493605 496468
333 -177411 -105003
334 -409730 165173
335 -680577 -111307
336 -667480 775870
337 184523 344509
338 71085 551263
339 174960 155685
340 67815 -107577
341 -83973 -103880
342 -191503 701009
343 146695 -61101
344 -158936 -104774
345 114308 -97023
346 71843 26081
347 183429 331189
348 -283602 86423
349 182244 314400
350 -701709 -45363
351 45508 25262
352 -67070 39015
353 -668230 800566
354 143071 -68449
355 -118764 734891
356 -267908 706345
357 106021 20820
358 -279595 64068
359 -53796 688890
360 -353847 132957
361 111624 -98491
362 -607017 4982
363 191311 438320
364 -308350 734939
365 131434 85744
366 -445339 18590
367 -509792 629482
368 171005 113727
369 -701777 -104555
370 14249 581505
371 -716631 -62583
372 -366229 797071
373 -491266 -109628
374 81307 -106699
375 -512045 -110223
376 -490239 478144
377 -295476 103219
378 -348824 18380
379 -287622 720349
380 -178192 -105006
381 1781 21990
382 136229 -78498
383 175141 185339
384 -13912 21091
385 -322732 121078
386 -280839 57150
387 -2709 598605
388 174777 141434
389 -485250 19172
390 81550 93232
391 -77473 720063
392 -298495 106039
393 -658549 822788
394 146063 87446
395 168060 106034
396 -231011 692398
397 145240 -13629
398 -19825 620403
399 100748 544693
400 172169 502670
401 179630 277222
402 -47882 25483
403 -715732 -93681
404 -59801 92893
405 -643121 736261
406 -644109 838560
407 -247599 -105677
408 -470629 -109020
409 -719759 -69124
410 -469263 371470
411 -609652 4076
412 -433192 197180
413 4638 -106806
414 -703713 -47175
415 -675883 -26825
416 92760 -104791
417 -191055 701253
418 -283051 -106053
419 -667412 -21675
420 120460 538781
421 -425134 840980
422 150740 -45697
423 -666888 -21366
424 -533970 664675
425 -505849 -109985
426 148455 -21505
427 -363725 17625
428 135232 532378
429 -140819 -104585
430 -500167 573985
431 -668470 799451
432 -7639 21394
433 -560845 857254
434 -263674 703632
435 -364475 789536
436 -636287 842773
437 58271 25920
438 -35378 -105008
439 -606223 853771
440 -42589 665266
441 -567358 14501
442 -412533 17920
443 -377431 823179
444 -553216 16316
445 150973 89216
446 -467952 18936
447 -12079 609149
448 -252797 698137
449 -436679 206003
450 125685 10298
451 -367463 802432
452 188625 467657
453 -477517 19134
454 -84818 -103806
455 -684073 -32000
456 -718667 -89094
457 -409292 -107288
458 190697 423184
459 168043 507432
460 120147 -93559
461 -47517 676274
462 177993 250392
463 -357462 775578
464 -209121 693535
465 187732 387669
466 -350826 767047
467 -505563 616974
468 -464256 846532
469 -109812 734179
470 174940 153841
471 -9498 -106137
472 -65020 87600
473 -257914 700502
474 -675653 -26632
475 104042 -101590
476 -389791 831997
477 108289 88124
478 -720907 -74134
479 -292347 37572
480 180929 294498
481 -150661 728099
482 -280990 56240
483 -593289 702232
484 -631500 726301
485 -476271 406580
486 -462189 335503
487 -607015 710034
488 -711890 -97637
489 -200488 696471
490 179247 491901
491 104285 543745
492 -501001 589603
493 92466 -104907
494 -516226 642751
495 184198 481956
496 -574430 -112573
497 156929 92386
498 -58098 696506
499 -23336 21277
500 -566016 686998
501 -357217 775131
502 -518620 853915
503 175547 201345
504 -515299 641179
505 -397493 154946
506 44782 -107975
507 -292213 99953
508 183333 329281
509 -583020 856923
510 -532619 855353
511 3112 592133
512 -664878 767480
513 -384981 829376
514 -411711 -107361
515 -64756 36258
516 -696194 -40735
517 -35538 104114
518 -559115 683129
519 -720386 -84401
520 -632964 727423
521 -48187 677539
522 -85084 725556
523 31747 -107687
524 -68397 83069
525 -336903 754189
526 -95764 -103984
527 -274812 710995
528 -430705 192348
529 188262 393727
530 80667 -106714
531 132977 -82401
532 124006 86039
533 116625 16272
534 86496 92160
535 -499508 557176
536 174890 168681
537 -91870 729131
538 153900 521020
539 -717625 -64200
540 -428567 841494
541 -74674 57568
542 -532695 -110972
543 123584 86076
544 -551142 16490
545 -535117 17927
546 -429623 -107639
547 11016 104016
548 -327945 747868
549 99693 89657
550 -369952 811309
551 96759 90197
552 51265 98366
553 -387432 148246
554 -502151 19089
555 85423 548022
556 158985 93981
557 -62328 33987
558 -40962 23458
559 -301743 108665
560 -489586 474254
561 -286153 91331
562 -594911 855692
563 -553486 -111708
564 -657136 -16186
565 173504 124439
566 141657 -70810
567 -278073 713480
568 -287325 93350
569 121013 13688
570 -719302 -67957
571 -367607 803225
572 94231 23981
573 140797 -6000
574 -651500 745157
575 -440929 220713
576 -498950 547332
577 152750 90055
578 -195310 -105141
579 -649583 -114019
580 -541032 670758
581 -3212 105261
582 -595940 8271
583 -594982 703160
584 -619340 -113968
585 177483 242132
586 -48639 25762
587 -646361 -10669
588 -447528 252379
589 -635789 -5844
590 -375439 141731
591 26228 -107488
592 -645386 837749
593 -94267 -103902
594 -182918 706646
595 -181717 707392
596 -714645 -59350
597 -340614 757210
598 -652275 830402
599 -71948 76565
600 -566564 14645
601 -318849 -106328
602 -524860 -110664
603 -111820 -104141
604 -284075 48560
605 -101292 732582
606 -691559 -108643
607 -51231 -104473
608 102866 -102055
609 -337043 -106582
610 -16722 105804
611 175168 184840
612 -607554 710365
613 -399612 156693
614 -720704 -73442
615 -524563 654553
616 -479839 424212
617 -666297 808063
618 -449883 844494
619 -52929 97615
620 -666496 772519
621 57631 25905
622 -25325 105634
623 -56603 29653
624 -422776 179943
625 -683242 -31434
626 55831 556218
627 145830 -62870
628 -616997 -113960
629 -594341 8699
630 -451823 280367
631 -522711 652191
632 -449805 266917
633 11502 -107051
634 -532120 855380
635 -505471 616399
636 -64056 705474
637 -690051 -36233
638 185501 358123
639 -305671 111635
640 -346844 763079
641 -546772 856662
642 -483241 442112
643 -662658 -113372
644 -287212 720171
645 -426559 185384
646 -661108 -113508
647 -283376 50061
648 -456902 845392
649 -73864 716695
650 -622760 -525
651 -364026 136686
652 -66956 -104091
653 -417566 18006
654 189469 407533
655 176452 221425
656 -308338 -106254
657 -499819 565792
658 -671533 -112596
659 138473 -75571
660 -502349 601787
661 -626879 847274
662 -298157 32828
663 -67596 -104106
664 -697879 -42149
665 -405788 837371
666 -495461 507703
667 115220 87021
668 -639624 -7496
669 -374835 820396
670 -498504 540265
671 111995 18522
672 -16698 615586
673 -464129 344971
674 -706649 -49899
675 -19320 -105632
676 -486850 -109446
677 -634615 -114122
678 -23777 -105455
679 -57221 94796
680 -399422 17696
681 -658307 823122
682 -493201 19158
683 -447360 251868
684 -450371 18676
685 -334271 20017
686 -347913 -106696
687 -418763 174694
688 -458385 316502
689 184743 347826
690 -305862 28321
691 -328016 -106449
692 75401 94337
693 -128020 734565
694 -364190 788730
695 -438102 210031
696 -713115 -57284
697 -430404 -107642
698 -551929 678454
699 -279621 71878
700 180022 282511
701 -441721 223834
702 54372 -107892
703 191355 440445
704 174887 169462
705 -315588 739831
706 40608 -107823
707 70140 26088
708 175656 203394
709 -545146 856591
710 188521 468092
711 -74166 69874
