1 384842 83900
2 -234357 -561339
3 46948 -57109
4 -91443 -175309
5 211367 85238
6 146074 -80870
7 -542192 -381060
8 265715 -179042
9 -844756 -775914
10 602652 -91260
11 -173126 -268207
12 -830864 -777920
13 -534544 -401223
14 -133162 -97703
15 4464 -77021
16 -90073 16951
17 -23367 -95625
18 -85128 -463292
19 888966 -14462
20 -102740 -1584
21 -523410 -434752
22 -548841 -717795
23 429143 -99566
24 287771 -172112
25 390307 -98666
26 -1079253 -763533
27 218571 -177943
28 -1041550 -734032
29 -22389 66765
30 -86457 -418941
31 -458237 -426083
32 775390 79100
33 -713885 -809647
34 -112726 -281492
35 403845 83812
36 -170171 -114822
37 -1024818 -730026
38 -222955 -523682
39 -109024 -306042
40 103484 -50604
41 506637 -133274
42 -280661 -534735
43 159428 -105596
44 342075 84241
45 -40101 57517
46 -110521 -239020
47 -172496 -285317
48 -503031 -545748
49 -1096884 -789150
50 -110087 -59726
51 -66057 40462
52 -82666 -447809
53 889493 -23002
54 34800 83169
55 833577 -87021
56 -104651 -326009
57 835594 62541
58 -1087879 -882440
59 -104853 -5843
60 -1100203 -795407
61 201715 85413
62 885017 -561
63 -438752 -444213
64 280089 84727
65 648052 -68451
66 -189795 -459624
67 -513789 -468953
68 317890 -150726
69 757331 -78247
70 -63298 42569
71 -241162 -537005
72 -787727 -840328
73 21661 -68518
74 633784 -72213
75 -1111120 -828847
76 355260 -114443
77 -608454 -706653
78 -183768 -583319
79 -152993 -567274
80 -159182 -103704
81 593030 -100652
82 565714 -124607
83 -88972 -403239
84 -144940 -558772
85 -505633 -570384
86 -492985 -363017
87 -93485 -479612
88 -115739 -83300
89 -536358 -633776
90 -123776 -528939
91 -72127 -144400
92 -178414 -189542
93 542380 82370
94 -1107605 -813220
95 -578672 -735192
96 519550 -135490
97 -475429 -401200
98 -806030 -847208
99 -517583 -604252
100 -875279 -768196
101 -180025 -148259
102 869560 25860
103 -195669 -475983
104 -346971 -599126
105 -198915 -484291
106 -504161 -560003
107 -213248 -575315
108 -501388 -689880
109 -528620 -418033
110 -471731 -407463
111 -123199 -92186
112 -908041 -879505
113 883253 -48318
114 483521 -124046
115 -482351 -387366
116 -504201 -512798
117 -551111 -348793
118 -110171 -65615
119 -567367 -728589
120 -497524 -352843
121 -143871 -99656
122 -974475 -737351
123 -488318 -682162
124 801844 -86334
125 -366172 -610392
126 -506707 -497237
127 -700599 -758391
128 250371 84988
129 -250297 -551324
130 -550158 -358367
131 -888219 -874079
132 94231 -49054
133 -502830 -535455
134 -52682 49903
135 -738488 -771035
136 -227285 -566160
137 -308371 -576367
138 136822 85908
139 -622389 -760790
140 171573 85645
141 -202207 -580143
142 340711 -127369
143 -111371 -72787
144 515635 82697
145 861036 -75248
146 -291958 -566784
147 812980 73719
148 184466 -153464
149 -84516 -431493
150 -524467 -703473
151 -110804 -47442
152 -861208 -866023
153 -173874 -121673
154 -475248 -674443
155 -772262 -834427
156 -411583 -461736
157 -107521 -224138
158 -544411 -375686
159 -1059396 -896468
160 447392 83454
161 -177147 -130620
162 -110725 -31346
163 554471 -130071
164 -158986 -572797
165 -726736 -815437
166 -330633 -589478
167 -1001212 -899346
168 -112814 -77496
169 -109942 -23282
170 -34580 -104561
171 -578785 -682888
172 -174392 -246038
173 868194 -69148
174 -192322 -582641
175 627218 81498
176 -1076038 -759835
177 249419 -181174
178 -390236 -474065
179 194927 -165208
180 -1107900 -855629
181 -6803 72959
182 -330420 -507380
183 -112307 -250983
184 -988315 -734066
185 362499 84110
186 -843391 -860311
187 -520744 -325901
188 792959 -84970
189 576104 -117075
190 -973748 -894732
191 -459249 -665031
192 152385 -92054
193 598205 81808
194 205657 -172680
195 61032 -51730
196 -171801 -302351
197 -175533 -230736
198 -111292 -508785
199 -688319 -797156
200 728422 -72329
201 -180197 -158974
202 -96676 -363019
203 -154720 -101620
204 -105377 -215269
205 -989909 -897776
206 -170719 -343175
207 -666034 -785390
208 -925806 -883937
209 460721 -113235
210 -719165 -765572
211 711068 80557
212 682374 -66618
213 -557679 -661352
214 -62926 -133053
215 62703 85546
216 497826 82941
217 32933 -63476
218 791545 78174
219 738203 -74339
220 165667 -117777
221 -177463 -204148
222 703263 -68347
223 -550535 -343862
224 453909 -110097
225 115000 -54123
226 886408 -40726
227 -174609 -393987
228 18694 80342
229 -319582 -513356
230 -171011 -322781
231 -926480 -751645
232 -551026 -352048
233 -510161 -482309
234 882014 5891
235 611302 -84205
236 -138041 -98894
237 133372 -65455
238 298387 84589
239 -546333 -333999
240 -265177 -543292
241 -545480 -646251
242 -254645 -544895
243 -516787 -327751
244 -107464 -502705
245 231374 -180592
246 -1012196 -900398
247 -569351 -673864
248 -674479 -745719
249 -221327 -570280
250 -696734 -801501
251 -590887 -693303
252 -166269 -578126
253 151432 85796
254 -891881 -762906
255 848576 -82570
256 -758056 -828755
257 -110429 -52803
258 -822689 -853264
259 -177080 -409329
260 330735 -137777
261 -488055 -374722
262 -897467 -876639
263 -134663 -545578
264 179491 -145164
265 -171326 -361860
266 -179825 -169368
267 -182194 -433503
268 -182282 -583286
269 854376 46346
270 -313099 -516872
271 -764256 -776593
272 -646314 -774442
273 -431887 -449121
274 658584 -67006
275 -939681 -887246
276 620455 -78249
277 -1060443 -744639
278 -174723 -581907
279 769050 -80617
280 -537791 -392306
281 -211438 -509976
282 -547979 -366224
283 -100984 -342977
284 477392 83213
285 -541787 -329074
286 -366834 -487385
287 -96433 8567
288 -52278 -121109
289 734907 80239
290 -508370 -581917
291 -1049651 -898977
292 -355262 -493735
293 -1033351 -900956
294 -108637 -16598
295 -166875 -110267
296 663606 81136
297 -516379 -459282
298 -272626 -555367
299 -530405 -412771
300 -80596 27395
301 -97658 -190842
302 -294665 -527066
303 363586 -108828
304 -11707 71127
305 -524209 -325009
306 -794961 -779449
307 -502286 -343536
308 567565 82076
309 299857 -165526
310 -949835 -744063
311 -1020812 -900859
312 -1101993 -867124
313 -1072346 -891703
314 -179095 -139262
315 -15494 -89616
316 874709 -61958
317 -1004421 -730797
318 421220 83680
319 -956921 -891075
320 404073 -96853
321 820316 -87948
322 537562 -134585
323 -549567 -340463
324 320155 84481
325 -628157 -719868
326 -1111614 -835970
327 176055 -138599
328 -75696 -149115
329 -1016833 -729681
330 -599845 -747659
331 -646335 -730567
332 -507504 -335820
333 439918 -103632
334 685310 80953
335 -303731 -522100
