1 -359706 -208532
2 294602 3992
3 202518 501150
4 395549 -174361
5 591363 -182764
6 610300 -94665
7 611014 325059
8 -422915 -211124
9 -529475 -266883
10 157293 458501
11 263643 -168350
12 108395 -52864
13 242765 144133
14 477431 320593
15 237804 -51888
16 124965 -150549
17 683411 -92065
18 -556380 -266819
19 633759 -273731
20 -571443 -266695
21 157813 399261
22 -327153 -207613
23 -121206 -269815
24 76327 -271347
25 -143613 52246
26 20292 486779
27 155225 572642
28 476600 424153
29 86188 501219
30 297045 15282
31 532392 317094
32 446426 -273934
33 206749 -165623
34 100565 -77589
35 278194 415162
36 267432 -36193
37 141338 -45284
38 -144506 -269707
39 -561096 -266737
40 518685 -179923
41 -66476 -270182
42 198841 532393
43 625465 384951
44 458152 428979
45 -487393 -267264
46 174677 401544
47 -180262 -269500
48 108503 -52697
49 -438912 -211705
50 250848 -167672
51 537439 -274613
52 644438 -84879
53 629040 -86923
54 103551 -88232
55 172774 460490
56 551155 -181335
57 292692 -968
58 -115820 125890
59 260372 114694
60 72342 490180
61 125231 488265
62 -205175 -110118
63 249964 274195
64 -345176 -208191
65 694100 -97456
66 -68220 252250
67 618076 -275112
68 318846 323897
69 -564425 -266721
70 732085 -146925
71 715252 -115009
72 118073 -271510
73 391462 429840
74 420542 433491
75 227905 201120
76 79411 497393
77 122891 491454
78 223279 407899
79 200614 493444
80 274347 -29952
81 -511742 -214607
82 100470 -69657
83 -222068 -156143
84 -7332 413026
85 106671 502465
86 -211490 -127003
87 -58960 -270175
88 185212 -51717
89 -442427 -267610
90 344986 -172169
91 37130 -270931
92 279712 -169127
93 119761 -137630
94 663830 -264881
95 -85502 206359
96 261912 412858
97 -502816 -267144
98 321114 324452
99 295803 7862
100 548379 -181202
101 581407 -275027
102 122691 -44621
103 653480 -84909
104 -279458 -268753
105 13178 467194
106 -188802 -67095
107 476641 -178016
108 253522 126178
109 -580049 -238451
110 117461 -130890
111 227994 200705
112 371640 -273420
113 -125339 100950
114 450365 322430
115 609677 -169618
116 269400 99769
117 659732 374740
118 -231137 -181493
119 -16488 -270690
120 530508 -180446
121 433931 323564
122 609270 -158861
123 622404 385746
124 88001 426712
125 559728 -181537
126 -589449 -266329
127 282054 306535
128 609826 -163514
129 -520889 -215105
130 -231539 -182663
131 605953 -145976
132 469268 321243
133 -33140 345009
134 -538823 -266774
135 -504922 -214386
136 -183132 -51938
137 -242453 -269056
138 313394 419608
139 648160 338376
140 -586229 -266512
141 111079 578656
142 599056 -123731
143 -598045 -259554
144 247801 -48245
145 -59911 274041
146 -474231 -213212
147 72480 490209
148 733950 -156722
149 625773 329425
150 135366 -159688
151 664451 349140
152 -251074 -205032
153 228352 214661
154 587062 -182594
155 85002 572101
156 251768 128986
157 149473 -271631
158 513435 318197
159 279661 83805
160 494993 419243
161 332749 -273085
162 -200762 -269303
163 576939 397624
164 529524 410173
165 488008 421156
166 548500 405242
167 572096 398981
168 138660 577795
169 -131168 85181
170 -228235 -173719
171 119628 495243
172 438453 -176230
173 429046 -175844
174 41606 536491
175 734003 -172614
176 565777 -181769
177 332225 422164
178 355016 425129
179 -107382 148431
180 714773 -222606
181 366753 328080
182 384659 326826
183 -41482 -270436
184 123893 401376
185 -20829 377555
186 199944 491495
187 -532757 -217772
188 60873 558080
189 730489 -141120
190 249980 -47276
191 -25104 366381
192 -554217 -266793
193 232702 169030
194 159762 -163249
195 141849 398181
196 580958 -182446
197 220735 -166121
198 -131063 85709
199 229034 -53824
200 734123 -159577
201 297479 41471
202 698582 -241662
203 -593230 -265543
204 187192 470205
205 -387650 -209701
206 67875 474122
207 304606 -170270
208 16437 -270848
209 224134 -54577
210 -456492 -267418
211 714267 -113772
212 132816 475708
213 -158911 11982
214 704784 -104872
215 69462 459856
216 457520 -177165
217 310614 321135
218 -107060 149294
219 633033 383017
220 206606 -54760
221 -464610 -212902
222 152131 573936
223 118365 496420
224 264483 -272631
225 662284 -85857
226 298250 -169958
227 22457 -270942
228 549291 316493
229 626634 -87507
230 551761 316440
231 -289307 -206436
232 517383 -274467
233 -153831 25495
234 193400 542008
235 672548 -88230
236 723738 -206965
237 424522 -175648
238 648252 379095
239 565279 400785
240 -11302 -270599
241 443243 432461
242 -963 429995
243 74717 493287
244 398634 430786
245 603458 -275039
246 499139 319135
247 203240 507955
248 605187 -179103
249 538303 316833
250 190934 403626
251 -59752 274653
252 -517380 -266987
253 162984 -48490
254 288450 -272814
255 -53488 291093
256 -588582 -243880
257 272144 95364
258 510296 415267
259 -206947 -115049
260 -224479 -163162
261 379396 -173529
262 609767 -163238
263 -597496 -261461
264 72500 -271365
265 604606 -142359
266 -588421 -266400
267 -391470 -267911
268 -323993 -207519
269 166759 -163858
270 624369 -274787
271 151004 460200
272 592474 -182890
273 524871 317448
274 196243 -53276
275 662672 372473
276 531499 409725
277 -42470 320544
278 559367 -181541
279 608692 324421
280 337209 422862
281 362514 -273336
282 332788 327005
283 -170498 -269521
284 165069 400153
285 110636 -110003
286 -248390 -269017
287 400516 -273572
288 354163 -273159
289 157654 458505
290 138904 -271564
291 572410 -182022
292 244715 -167385
293 -137780 67655
294 361701 328380
295 599199 -124062
296 192187 543630
297 99862 503547
298 425630 324185
299 514914 -274413
300 305723 418628
301 -178350 -39066
302 723851 -126554
303 -123672 105353
304 -142066 -269623
305 290667 61277
306 126872 485650
307 -458955 -212640
308 385483 -273587
309 34007 522586
310 81720 499113
311 177905 -50668
312 689359 -249623
313 667568 362020
314 -238403 -200026
315 -597064 -251249
316 230673 229251
317 714254 -223223
318 669235 -87271
319 599174 -115103
320 192220 476479
321 -382993 -209506
322 662120 -265678
323 -523769 -215501
324 -192462 -76403
325 68626 483173
326 326309 -171367
327 49550 547071
328 -547421 -266794
329 459463 -274055
330 -235320 -193443
331 -26231 363177
332 82049 434989
333 707699 -107361
334 75484 494101
335 57324 -271049
336 437870 -176209
337 682158 -91609
338 -216908 -142323
339 8425 454184
340 401460 -174623
341 266012 413295
342 113331 405493
343 237164 -166894
344 565343 317158
345 69798 487181
346 149973 460632
347 87265 501593
348 112157 406255
349 -432536 -211434
350 -499543 -214183
351 413505 -175171
352 609561 -171450
353 238749 254173
354 645665 379702
355 -273438 -268847
356 600812 391421
357 236727 157235
358 -87248 201651
359 188206 471216
360 102919 -61113
361 -101372 -269937
362 107060 -98619
363 -404008 -210286
364 -164045 -1615
365 165326 567632
366 -93592 184904
367 603062 -138494
368 -578461 -266669
369 335440 -273163
370 378861 428246
371 -358876 -268212
372 667566 357610
373 598509 -117413
374 -582372 -266632
375 -80235 -270070
376 -594416 -247722
377 666809 353690
378 217871 -55041
379 578531 318371
380 94296 419881
381 312601 321991
382 298403 26920
383 721817 -123445
384 -33572 343978
385 291581 312391
386 288429 -10838
387 531364 -274603
388 -300454 -206709
389 634741 -85856
390 607028 -150013
391 271413 -32816
392 235233 161544
393 -93466 -270063
394 588263 394682
395 667123 364455
396 1152 -270699
397 194834 480505
398 -313512 -207171
399 464801 427284
400 99878 414706
401 600279 -130844
402 143866 -45614
403 275814 301883
404 590575 320208
405 445590 322789
406 114059 499336
407 -277053 -205928
408 405616 325497
409 610774 388768
410 257612 -43051
411 229354 184439
412 181538 465172
413 521377 -180002
414 114779 -122352
415 193371 -164925
416 146533 575782
417 602663 -137639
418 108872 501631
419 239434 -272461
420 205140 405489
421 595085 321095
422 113398 -118236
423 -474661 -267304
424 -100661 166125
425 564568 317066
426 340791 328128
427 -278273 -205970
428 -597978 -260552
429 -171574 -21288
430 482789 320214
431 -185364 -57762
432 576350 -182196
433 43294 539091
434 191457 475305
435 -447284 -212111
436 -201867 -101535
437 -177541 -37087
438 183405 -51378
439 202418 521009
440 -51608 296192
441 -556631 -227546
442 234465 243720
443 81596 435760
444 -77734 226951
445 -489502 -267206
446 184843 552334
447 -263106 -205566
448 164823 567959
449 321619 420705
450 -221454 -269220
451 177766 462853
452 279601 -24064
453 657450 -85222
454 104356 -90663
455 -227084 -170294
456 -593398 -265434
457 -588527 -243796
458 230186 179845
459 26959 504389
460 138990 398368
461 26071 502104
462 663460 371484
463 197788 534627
464 600103 -130014
465 651480 378191
466 287993 -11509
467 285614 73143
468 157489 -271590
469 172413 -271743
470 401952 325730
471 243053 410439
472 -374261 -209096
473 -220644 -152298
474 127897 -43948
475 422434 -273974
476 -81201 217756
477 83895 571866
478 352774 424797
479 89238 425312
480 535392 -180637
481 472417 -274121
482 415443 324839
483 704281 -235824
484 733999 -172254
485 -18329 384158
486 -307995 -206938
487 -593481 -247017
488 660265 344347
489 174640 561226
490 504033 -179351
491 -262731 -268885
492 197980 486451
493 -93806 184208
494 124454 -271599
495 121060 -45112
496 -464453 -267376
497 580221 318586
498 298407 26560
499 728001 -134853
500 586649 395134
501 251583 411457
502 -504480 -267137
503 662787 346762
504 114660 -47990
505 276410 -272626
506 -217583 -143913
507 -546394 -266865
508 312446 -273135
509 207386 -165560
510 -112675 134221
511 129225 481379
512 730836 -188324
513 -196406 -269389
514 17633 479563
515 -640 430859
516 -247062 -204180
517 135297 578310
518 107148 -99034
519 -165414 -5376
520 97464 -271481
521 277695 415128
522 91935 503091
523 416690 -273821
524 100195 -74487
525 -522373 -266964
526 -212026 -128563
527 260127 -272545
528 -404507 -210320
529 606780 -177753
530 599927 322124
531 385187 326721
532 134808 -159445
533 659510 374765
534 691055 -95718
535 289714 416743
536 -39082 329433
537 -532480 -217714
538 238080 -51829
539 -46394 310095
540 492266 -178743
541 232364 236261
542 210132 -55023
543 632727 383096
544 617677 -89917
545 568330 -181877
546 598351 -182653
547 198908 -272256
548 584370 -182516
549 265475 -168466
550 92157 503066
551 639238 381372
552 103865 -59104
553 -317461 -268518
554 96437 -271410
555 -266933 -205584
556 248573 272237
557 609060 -157533
558 128840 -43964
559 666838 353551
560 97477 503547
561 -162843 -269484
562 640768 380974
563 123827 579558
564 314525 -273054
565 680641 -255886
566 292539 417054
567 202573 501234
568 678659 -257102
569 176589 401734
570 721652 -211096
571 121654 -142794
572 235964 409439
573 -299376 -268577
574 176263 560053
575 -488094 -213629
576 345569 -172189
577 559381 -274793
578 -419976 -211005
579 -220733 -269211
580 101148 -66043
581 699496 -101080
582 203174 515748
583 -239254 -200785
584 228787 217717
585 -596963 -261926
586 188793 -164813
587 215413 -272362
588 -74237 236007
589 399850 -273497
590 -364451 -268168
591 598075 -182711
592 -364003 -208722
593 515405 318110
594 643195 -271869
595 201196 525737
596 170513 -49564
597 -198860 -93233
598 605168 -101467
599 117858 -46371
600 388527 -173974
601 705786 -234059
602 731845 -184567
603 -338959 -268388
604 103715 411618
605 152275 398445
606 -535411 -266843
607 103333 503201
608 220206 407390
609 -291025 -206512
610 626850 329798
611 313737 -170714
612 349577 328622
613 601073 -275040
614 295468 -272840
615 634465 -85915
616 -14564 393995
617 407965 432119
618 142710 464871
619 -118514 -269894
620 388145 -273527
621 56343 554226
622 -572608 -266654
623 548008 -274680
624 -416381 -267712
625 -417324 -267696
626 366492 -173019
627 583432 -275030
628 602175 391133
629 123197 401590
630 268346 295524
631 667666 358499
632 -139530 63307
633 -119178 116862
634 -567033 -266697
635 503367 -179275
636 -9484 407509
637 -545423 -223140
638 -346035 -208229
639 -66633 256347
640 177806 -164474
641 -566397 -231935
642 192539 403895
643 -28390 -270472
644 -379820 -267965
645 132930 475515
646 203369 511090
647 195660 -53256
648 -150979 32825
649 361692 -172883
650 113503 -48670
651 -348446 -268308
652 425782 433665
653 -298432 -268593
654 114897 579395
655 196409 483297
656 191446 -272179
657 261851 289011
658 -551249 -225318
659 262017 -40308
660 466548 321460
661 264362 108168
662 101645 -81986
663 147298 461653
664 375343 427787
665 497604 -274261
666 -235915 -194726
667 243164 143278
668 438632 -274000
669 129821 480276
670 -584397 -266629
671 295743 314577
672 137942 469279
673 463431 -177427
674 257962 284859
675 -438377 -267616
676 184533 552774
677 70579 565132
678 -543353 -222338
679 223732 -166279
680 -597983 -257806
681 33308 520775
682 728022 -196513
683 239533 255929
684 442409 432645
685 298357 37682
686 -566 -270775
687 618119 386859
688 114646 498955
689 -256838 -205462
690 613751 388027
691 -583301 -240155
692 665726 367628
693 551867 404368
694 646517 -84799
695 608606 -175123
696 565900 -274853
697 166554 458807
698 281598 -169160
699 125930 -152368
700 71787 453338
701 73303 566940
702 322645 -171134
703 -171222 -20562
704 220682 -272326
705 541165 -180928
706 136537 470788
707 164202 458307
708 -473870 -213208
709 111270 -111965
710 144698 463342
711 492389 -274213
712 695016 -244951
713 653651 340772
714 204419 405481
715 -597629 -252670
716 480961 -274184
717 648669 -270417
718 123550 579499
719 5712 446884
720 644219 380045
721 -194287 -81418
722 -102114 162418
723 239987 -272343
724 280883 -22273
725 176823 -271745
726 512690 414547
727 296745 12616
728 -400819 -267802
729 -578184 -266610
730 48503 -271044
731 -145954 46254
732 -490949 -213802
733 497445 319281
734 653933 377194
735 485466 -178382
736 -321372 -268481
737 83732 500191
