1 248000 170300
2 221500 157300
3 868800 281600
4 602800 264100
5 411500 286700
6 75600 277000
7 -94200 -70400
8 206500 548300
9 -101900 -38500
10 866700 230000
11 152100 -43400
12 439600 239400
13 137400 609800
14 339300 205100
15 144200 1900
16 -47900 123100
17 572200 263700
18 810000 352300
19 443500 285100
20 162800 274100
21 578300 41000
22 224400 650700
23 127600 168700
24 169900 666000
25 91100 -161100
26 253900 173100
27 306800 194600
28 68400 297100
29 137000 265800
30 77300 322100
31 99100 335400
32 215100 292900
33 622600 358100
34 74200 318300
35 166900 664100
36 223800 593200
37 -59800 92200
38 137300 265900
39 419000 232800
40 528000 259600
41 870900 262300
42 -54200 -122500
43 394300 289300
44 -98300 -5900
45 211300 559500
46 -53900 107500
47 223900 651700
48 812000 135400
49 179800 413300
50 204500 668600
51 557800 262700
52 204800 544500
53 725200 164200
54 750500 21200
55 747200 201900
56 698500 153500
57 614300 20900
58 154200 651400
59 656400 361800
60 221700 157300
61 110700 258800
62 570200 115000
63 361100 295600
64 73000 316500
65 120300 343100
66 638700 360400
67 743800 183100
68 -93600 9300
69 352200 297400
70 605900 354000
71 844500 328600
72 38000 345700
73 549700 81400
74 -100000 -53000
75 387700 221200
76 183500 282200
77 253300 301400
78 158400 -120400
79 138500 613500
80 724800 164000
81 845400 188100
82 294400 303900
83 103800 -161300
84 696400 253700
85 662000 258700
86 150800 -137200
87 323500 200200
88 -77300 46900
89 583800 36700
90 142000 178100
91 -30200 168600
92 791100 95800
93 740100 177200
94 181000 487300
95 -23400 186200
96 117000 260000
97 674300 362500
98 -83800 31400
99 -89000 -81400
100 553600 69000
101 706900 156100
102 -2500 240700
103 94700 485100
104 228900 611200
105 610000 22600
106 121300 128800
107 322600 302100
108 564100 54100
109 157800 654800
110 586100 125600
111 340300 205400
112 27500 318400
113 -95500 -67400
114 638700 261500
115 -56700 100100
116 155100 -129600
117 176600 459700
118 124200 114700
119 100500 260300
120 158700 -82100
121 179700 415300
122 102200 503400
123 94300 484200
124 628100 140700
125 789700 92600
126 199000 531800
127 60900 402400
128 182200 491300
129 43800 -157900
130 136500 175600
131 122500 123400
132 -26900 -139400
133 796600 107400
134 626400 140500
135 181800 170500
136 126300 -157200
137 728900 239600
138 337300 300000
139 11300 276700
140 734600 362500
141 377500 292300
142 -10300 -146300
143 176600 461400
144 692500 362800
145 119800 152400
146 89900 264400
147 165800 366000
148 -50200 116900
149 135100 601100
150 208100 290700
151 669600 257800
152 126100 105400
153 -17100 202800
154 735200 233000
155 861100 214700
156 -77200 -99200
157 744100 217400
158 143600 -145900
159 31200 328000
160 711800 249700
161 156400 653100
162 120900 130300
163 87200 466900
164 722500 8500
165 765400 361100
166 125700 166300
167 630900 141200
168 -41800 138800
169 219500 580900
170 130100 346600
171 131300 587200
172 200500 155300
173 -68500 69400
174 214200 154700
175 744600 185300
176 47200 368500
177 652500 361600
178 664200 146200
179 -60800 -117000
180 14600 -153800
181 836900 175000
182 101200 501000
183 230200 619700
184 88300 330000
185 155700 271700
186 403100 227100
187 238600 165600
188 -36700 -134400
189 245400 169000
190 78800 323800
191 180000 397900
192 732900 169700
193 616500 137900
194 586300 264200
195 146900 268900
196 -80900 -94400
197 555400 99800
198 180900 281300
199 118900 260500
200 68500 296900
201 600000 264200
202 650700 260100
203 755800 26400
204 71600 -159700
205 692300 6200
206 427000 285300
207 115000 -160300
208 15000 -153800
209 127900 95400
210 770700 50100
211 679500 6700
212 278000 183700
213 144500 300
214 78900 273000
215 782100 359400
216 733600 235000
217 560000 332300
218 119800 137400
219 -74400 53900
220 -10300 220400
221 717600 7700
222 157400 -73900
223 161100 180200
224 590700 348400
225 133500 63500
226 825300 344400
227 140600 177500
228 25600 313700
229 671700 147300
230 -40900 -131900
231 556900 262600
232 653600 9900
233 370100 214700
234 -86600 -85400
235 126200 104700
236 71700 284100
237 -12100 -145500
238 179200 669900
239 640500 12700
240 589300 33200
241 566300 111800
242 866600 229500
243 591500 348700
244 119300 148200
245 178200 429600
246 843300 184900
247 160400 -106800
248 557400 102400
249 796800 356700
250 161300 180100
251 192000 160400
252 747700 362100
253 550900 75500
254 93100 262700
255 149400 354600
256 131700 172400
257 230500 624900
258 195600 286600
259 595300 130200
260 129500 346300
261 193100 518700
262 558100 61300
263 223100 591100
264 -97700 -3500
265 215600 570700
266 848400 323900
267 93700 332900
268 150500 355100
269 644600 260800
270 491000 253000
271 160100 -110700
272 560400 106000
273 38900 347900
274 108100 517900
275 866300 291400
276 -71400 -106300
277 746700 18300
278 758300 29300
279 178200 428700
280 142200 13600
281 676500 148200
282 204200 668600
283 72300 430400
284 122300 124100
285 168500 178400
286 167900 368200
287 116800 539900
288 860800 304800
289 853500 317300
290 621800 358000
291 822500 346200
292 190500 512800
293 510700 303200
294 -62100 86100
295 458300 286400
296 191900 285300
297 122400 160900
298 627400 16300
299 47400 369500
300 745400 213600
301 638500 13100
302 604800 134200
303 710500 362800
304 577800 120500
305 74400 435500
306 477600 290300
307 740400 225400
308 857400 311000
309 154000 180500
310 279500 303700
311 543000 261400
312 807100 127100
313 668800 362400
314 155900 -127600
315 139900 350200
316 266900 302900
317 562900 55500
318 460600 286700
319 149400 -27900
320 150200 -138300
321 770300 49300
322 179300 391700
323 118700 342500
324 1700 251700
325 177900 473800
326 82400 326700
327 78200 -160200
328 70600 311600
329 65600 -159300
330 80400 271300
331 613300 263700
332 -4600 235300
333 742700 221100
334 636400 360200
335 70200 310300
336 46700 367800
337 134800 174600
338 852600 199600
339 279000 303600
340 96400 261500
341 154400 180600
342 764400 38300
343 533600 316100
344 302900 193200
345 175300 175200
346 519200 307700
347 190600 671200
348 67600 418900
349 135600 -152400
350 119200 145400
351 286700 187200
352 697400 253500
353 580100 122000
354 14500 284900
355 174100 176000
356 -23300 186700
357 210100 556800
358 192100 671200
359 68700 304500
360 120400 155500
361 185600 671100
362 158200 359800
363 870800 265500
364 163800 661700
365 132300 70200
366 387200 221100
367 145600 634600
368 135600 51600
369 129200 579800
370 828600 162000
371 214600 154900
372 741100 14900
373 751300 362000
374 482100 251000
375 540700 261100
376 -49200 -126400
377 561800 333400
378 230500 628700
379 326100 301600
380 18300 294900
381 688000 150700
382 147000 179500
383 186100 166400
384 129800 170900
385 128100 93800
386 720900 245400
387 -9200 223000
388 702000 362900
389 409700 286900
390 272600 181400
391 588000 264200
392 729900 10400
393 767400 361000
394 137700 39400
395 229900 634300
396 577000 42300
397 176600 382100
398 293600 304000
399 29600 -156400
400 783800 79300
401 68600 303700
402 146800 -12700
403 180000 172100
404 708800 6600
405 837600 335200
406 434800 238000
407 214900 663000
408 -43600 134000
409 551600 93400
410 595600 130400
411 569400 48900
412 131500 75000
413 371000 215100
414 601500 26500
415 783100 77600
416 651700 144500
417 265700 178400
418 197300 156400
419 227300 296300
420 151800 -41300
421 115700 -160200
422 -35700 154600
423 110600 339700
424 149700 643500
425 705000 6400
426 54100 386000
427 99600 -161300
428 -87000 24300
429 861500 215600
430 308000 303400
431 442600 285100
432 466400 247000
433 79700 448700
434 154300 -55600
435 -23700 -140900
436 549700 81600
437 673500 257400
438 227800 643000
439 291500 189100
440 870000 246700
441 234900 298100
442 716600 159900
443 397500 288800
444 185400 500300
445 681000 6600
446 167800 178700
447 140200 350300
448 210200 666000
449 178400 476700
450 108200 338800
451 229500 614900
452 864300 296700
453 229900 161200
454 139200 30600
455 777000 63600
456 -65700 76900
457 507700 256400
458 180200 402800
459 156800 272000
460 143800 -145600
461 146400 268800
462 133600 595700
463 50100 376400
464 587100 126200
465 -101000 -20900
466 227200 604200
467 708100 156600
468 124200 164000
469 161600 659600
470 -101200 -21900
471 853900 201700
472 215500 570400
473 159900 361000
474 57500 394400
475 124500 563200
476 154100 651200
477 763400 36600
478 45100 364000
479 240000 299200
480 563300 109000
481 639600 142800
482 747200 198000
483 382200 291500
484 547700 324800
485 128100 263000
486 405000 227800
487 129600 85900
488 870200 248700
489 -37000 151200
490 658000 145300
491 473900 289400
492 219700 657900
493 176800 444800
494 69600 289900
495 40000 -157600
496 187300 505200
497 -66300 -111600
498 249200 300800
499 667000 7800
500 869700 277200
501 207600 153800
502 614800 137500
503 549900 87700
504 696300 152800
505 776900 63300
506 103300 259800
507 219900 582100
508 203200 289200
509 145100 633400
510 605300 134400
511 81200 452200
512 489400 294000
513 32400 331000
514 126600 -157000
515 572600 263700
516 148000 179800
517 219900 657500
518 746100 210500
519 149300 -27100
520 685400 362800
521 121400 158700
522 497500 254400
523 208500 153800
524 110100 522900
525 -29500 170600
526 198500 670400
527 172900 667700
528 729200 362600
529 178100 386600
530 575400 341100
531 221300 294700
532 159000 -117400
533 236900 164800
534 596100 29200
535 644700 143500
536 154800 -58900
537 201300 536800
538 825100 156500
539 811900 351400
540 135000 -152700
541 160100 -95100
542 571800 46700
543 572900 117100
544 355200 209900
545 130200 82300
546 684000 256100
547 141700 16400
548 695000 6100
549 209500 666300
550 264000 302600
551 320900 199300
552 718600 362800
553 834100 170700
554 86400 266500
555 550700 75800
556 57800 -158800
557 164400 274700
558 174100 376800
559 797600 356400
560 101700 336400
561 146900 -13200
562 450600 242700
563 149500 643200
564 684600 149800
565 544600 322900
566 139900 26700
567 617200 263400
568 172100 373600
569 159700 -89800
570 605400 353800
571 456800 244400
572 512800 257300
573 124300 114500
574 580100 39500
575 227200 644800
576 711500 249900
577 741400 178800
578 4300 258600
579 798800 111700
580 127100 571900
581 310100 303200
582 747000 205800
583 52900 -158500
584 134500 57400
585 -99500 -54700
586 344900 298700
587 731700 168600
588 782600 359400
589 624200 17300
590 28000 -156200
591 494400 295800
592 720000 246000
593 84000 268300
594 576000 341400
595 626200 262700
596 195900 525000
597 171800 277700
598 -71500 61800
599 631100 262200
600 122600 556800
601 553700 68700
602 156700 -69400
603 74800 278400
604 657200 259200
605 820300 148800
606 738700 228300
607 176600 669100
608 474000 249000
609 552600 95400
610 202900 154800
611 625400 140300
612 504500 300200
613 666600 7900
614 142100 624800
615 -102000 -38100
616 170400 277200
617 422300 233900
618 746200 190400
619 45400 364600
620 727500 240900
621 557600 62200
622 194500 158100
623 652800 10000
624 746700 193600
625 550100 89000
626 119400 139900
627 816000 141900
628 524300 259000
629 259300 175500
630 426500 285300
631 85600 -160700
632 141300 622500
633 716900 160100
634 72100 283200
635 229000 160800
636 108300 258800
637 188400 163900
638 126900 262600
639 834100 338300
640 735500 12300
641 -92200 12600
642 529200 313400
643 804100 121600
644 367100 294500
645 136800 44200
646 160500 -100600
647 159200 -85500
648 226400 601200
649 64900 412300
650 1200 -150200
651 355600 210000
652 119000 546100
653 197700 670500
654 88100 468900
655 682100 256300
656 229500 637100
657 400 -149900
658 21000 301600
659 69600 290300
660 214700 663100
661 183600 670800
662 8100 268200
663 -16600 203800
664 176700 445200
