1 -712300 -544300
2 -1487200 -1010400
3 -1324000 -834000
4 -144700 -495900
5 -1032300 -995800
6 208700 -45700
7 -825500 -135500
8 -834100 -555300
9 -89000 -467600
10 -1224200 -464200
11 -1104800 -274300
12 -1480100 -1026400
13 -865100 -626500
14 313000 -108000
15 -339100 -169300
16 -9100 -138700
17 -1447500 -945700
18 -299100 -547000
19 -1297400 -654300
20 -1311500 -822200
21 -676100 -544000
22 -1437300 -1039700
23 -1002500 -999200
24 147400 -242500
25 253800 -35000
26 -1067500 -251500
27 -1475100 -1031400
28 -959300 -160500
29 -1485000 -991500
30 -9300 -138700
31 -331100 -527200
32 70200 -325700
33 296700 -69500
34 294900 -66800
35 -1487200 -1010900
36 -1426700 -1038100
37 -823700 -856500
38 -295500 -550200
39 -1076500 -257600
40 286500 -55300
41 -1027300 -184500
42 -599500 -543400
43 -1369500 -873000
44 -600200 -124600
45 -332500 -527300
46 265500 -182900
47 -248400 -166000
48 -1315500 -729200
49 -106900 -159000
50 -1126000 -992400
51 -1171700 -328100
52 -1311300 -753000
53 -50100 -441000
54 296700 -169500
55 -1439000 -1039900
56 25800 -374800
57 -870800 -988200
58 -844900 -732800
59 -299700 -167800
60 -528700 -542500
61 -359900 -529000
62 -814000 -535700
63 -573500 -127600
64 49900 -348200
65 318200 -142400
66 -1059700 -993200
67 -1105100 -991900
68 -785700 -130400
69 -1402900 -1032500
70 -148400 -497600
71 273400 -43800
72 -645500 -543700
73 -1303300 -668200
74 -173000 -509500
75 -288900 -554000
76 -1086900 -991900
77 -1177700 -342000
78 313200 -155500
79 -1387500 -888100
80 -1269200 -584200
81 -301600 -544600
82 -1395100 -894600
83 -247200 -547200
84 -824200 -844700
85 -1315600 -1013000
86 -1389600 -1029100
87 -886100 -143800
88 312900 -156100
89 -861600 -608600
90 -1175000 -335900
91 -825800 -544700
92 -1258900 -556600
93 277300 -46600
94 -1287500 -630900
95 -173900 -510000
96 -354200 -169500
97 -581300 -126600
98 25900 -374600
99 -1326600 -836400
100 -1015800 -178300
101 -925400 -1007000
102 -457700 -537000
103 94800 -298500
104 318700 -132000
105 -907500 -1006200
106 -268300 -554400
107 -864900 -638100
108 172700 -62600
109 -835200 -775500
110 -1048700 -231400
111 209800 -205500
112 -1434300 -1039400
113 -1186700 -364400
114 -1165500 -319900
115 -80900 -462400
116 -1342800 -850300
117 315400 -151900
118 -1150900 -303900
119 -135500 -491700
120 -824900 -881600
121 -234100 -541200
122 -828500 -901800
123 -860200 -665600
124 -1162000 -995700
125 -379000 -530500
126 -1045200 -224300
127 -760100 -127600
128 -25400 -422200
129 -1181500 -350700
130 -1302400 -802500
131 -146400 -160300
132 -836300 -558600
133 -688600 -123200
134 -914600 -148500
135 -524800 -137500
136 -1456300 -954500
137 -184000 -515200
138 -1263300 -568400
139 -985000 -1001300
140 -1316000 -712200
141 112800 -87700
142 -1471500 -1034100
143 160200 -231900
144 -1313800 -740500
145 -62500 -154800
146 -1099900 -271500
147 -125400 -487100
148 -1312200 -691700
149 -122300 -485600
150 290500 -172500
151 -1472900 -1033000
152 -678600 -544000
153 -934800 -1006600
154 -773300 -538300
155 -1071200 -992400
156 -1307800 -679200
157 -381600 -168200
158 -628700 -543600
159 -848400 -579200
160 -606500 -543400
161 -474400 -538500
162 61600 -109100
163 -1189100 -370600
164 -303000 -543200
165 -830900 -911300
166 -656800 -543900
167 -832400 -552900
168 -31800 -146900
169 -316600 -168500
170 -1044500 -222400
171 -852200 -586400
172 -645800 -543800
173 -882300 -997300
174 -944900 -155700
175 -1202500 -406400
176 -810000 -534200
177 -402600 -165600
178 -315900 -530900
179 -839300 -757500
180 -1376700 -879100
181 -376200 -530200
182 -1443400 -941600
183 -1184400 -358200
184 -825200 -884800
185 -702500 -544300
186 316800 -120800
187 -1444900 -1040300
188 -286000 -554900
189 37700 -119200
190 266200 -39500
191 122800 -83500
192 500 -134800
193 -458500 -153700
194 -837900 -763900
195 -848600 -716800
196 -824000 -870500
197 -857500 -678100
198 -1307600 -816700
199 -486500 -539600
200 -625000 -123300
201 -850300 -709500
202 -1026900 -184100
203 -1105900 -275000
204 -851600 -958800
205 -538100 -542700
206 193500 -212300
207 -1017800 -997500
208 -1426100 -924400
209 -1141200 -993500
210 -1303800 -808300
211 -1241900 -1004800
212 -1336700 -1016600
213 45600 -115800
214 262500 -37900
215 92600 -96200
216 104200 -91400
217 70600 -105400
218 318800 -137900
219 239900 -193400
220 -234200 -541300
221 -616700 -543500
222 -340500 -527600
223 -1450200 -1040300
224 -823800 -868000
225 -1037000 -198400
226 -1276400 -602800
227 -826800 -894400
228 -1109200 -277000
229 -431400 -160000
230 -216700 -532400
231 -1461200 -959400
232 -357400 -169400
233 -430900 -534800
234 -1247300 -525700
235 -1019600 -179800
236 233900 -34600
237 -668600 -543900
238 -98300 -473200
239 -637900 -123000
240 -256600 -550800
241 -622100 -123400
242 -1228300 -475000
243 -860600 -975200
244 -134900 -159500
245 -1049400 -232500
246 -50700 -152100
247 -1396800 -1031000
248 -395700 -531900
249 -821600 -540700
250 307700 -92600
251 -1059500 -244900
252 -273400 -555500
253 -847300 -950300
254 -1256100 -549200
255 172500 -62600
256 267800 -40400
257 -1086400 -263700
258 -1050800 -234700
259 225600 -199100
260 187900 -56100
261 -754100 -542300
262 -23100 -420400
263 305800 -87700
264 -527100 -542400
265 -1043400 -219000
266 -769900 -539200
267 131300 -258300
268 -578100 -127000
269 -292300 -552300
270 -242500 -545200
271 -1155000 -994900
272 -390500 -167300
273 -770300 -128600
274 -1066100 -250500
275 -612000 -543500
276 -952700 -158400
277 -1285500 -626000
278 -933500 -152800
279 -999800 -173200
280 -1229700 -478800
281 -1456300 -954500
282 -598300 -124800
283 -1383000 -1027400
284 -146900 -160200
285 -83100 -463900
286 -827800 -813400
287 199500 -50500
288 310800 -101200
289 -754100 -127100
290 -835000 -923300
291 -46200 -438100
292 -956700 -1004500
293 -323600 -527700
294 -1333400 -842400
295 -974200 -1002500
296 -994000 -171400
297 -199500 -163200
298 -1348000 -1018800
299 110800 -280800
300 54700 -343000
301 -565900 -543000
302 304200 -164900
303 -204000 -525700
304 -1418900 -917300
305 167600 -226500
306 -860700 -975300
307 -1278700 -608900
308 227000 -36700
309 -852100 -959700
310 -855300 -965800
311 -298900 -547300
312 -37700 -431700
313 -1474800 -974900
314 -568600 -543100
315 -327300 -527400
316 -828400 -809400
317 -31900 -146900
318 -343300 -527800
319 -1307800 -767600
320 142100 -247400
321 -708700 -544300
322 -95300 -471400
323 -1296900 -1010800
324 -338100 -527500
325 -1479800 -1026900
326 -644000 -123000
327 287300 -173900
328 -1234700 -492000
329 -1316100 -713300
330 -795900 -533000
331 98900 -293800
332 -1305800 -776100
333 310200 -99500
334 -1040000 -207800
335 -279100 -167200
336 -546000 -132700
337 -815700 -536600
338 -220100 -534200
339 306700 -90100
340 -794600 -533300
341 -1077800 -992000
342 -775400 -537700
343 -1308300 -765200
344 -728300 -544200
345 -1332100 -1015700
346 -897400 -145600
347 248500 -33800
348 261100 -184800
349 -15100 -413800
350 -896100 -1003600
351 -1444300 -1040200
352 -1038500 -203100
353 -843300 -740300
354 7200 -393700
355 -928400 -151600
356 -847600 -577800
357 -503600 -541100
358 -498500 -540700
359 -1402000 -1032300
360 -806600 -133000
361 71900 -104900
362 -1073200 -255500
363 123000 -267400
364 -1372600 -1024700
365 -1412700 -911000
366 -1315500 -826500
367 -968700 -1003100
368 -1379400 -1026400
369 242200 -33500
370 -337500 -527400
371 -1321700 -1014000
372 -462100 -537400
373 -1479800 -981400
374 -84300 -157300
375 39300 -360100
376 -979100 -1002000
377 10200 -390600
378 -912300 -1006900
379 -1041900 -214100
380 -867700 -984800
381 -862300 -655400
382 -677300 -123000
383 -1244300 -1005000
384 -364700 -529300
385 -733300 -544100
386 17600 -127700
387 -255300 -166400
388 -1228800 -1003300
389 -1043400 -219000
390 261700 -37600
391 -1202000 -405200
392 -260300 -552000
393 -837800 -137100
394 -1063200 -248300
395 -1363700 -868100
396 -263000 -552900
397 -1303700 -1011600
398 -706900 -123800
399 -1096200 -269400
400 -785000 -535100
401 -223000 -164500
402 308200 -161600
403 -823900 -850900
404 -279200 -556300
405 -768200 -539500
406 -305200 -540800
407 -1244400 -518200
408 -1206700 -417700
409 -824500 -841400
410 -346400 -528000
411 8000 -131700
412 -541100 -542800
413 -1352800 -1019900
414 -839100 -563000
415 -423800 -161600
416 -1309200 -1012200
417 -868600 -141400
418 37200 -362400
419 -135100 -159500
420 -827700 -546800
421 -1363800 -868200
422 -1296500 -652200
423 -1332400 -841500
424 -860800 -605800
425 -169000 -161600
426 229400 -35900
427 -1356400 -861900
428 -1411900 -910300
429 71200 -324400
430 -1423500 -921800
431 -868800 -141400
432 -266900 -554000
433 -864200 -645000
434 -1134700 -993000
435 -408500 -532900
436 -406300 -532800
437 -1234300 -490900
438 -221800 -535100
439 -408900 -164500
440 -831700 -791900
441 -437700 -158500
442 -1481500 -984200
443 -865200 -635500
444 300500 -76200
445 -840000 -935100
446 -226700 -537600
447 -816300 -536900
448 -1394300 -893900
449 211800 -44000
450 -913200 -148200
451 -1125000 -286200
452 -254200 -550000
453 -478000 -148900
454 -244700 -546100
455 317200 -147500
456 50800 -347300
457 -235400 -165200
458 -856800 -968600
459 -6800 -406700
460 -1261600 -563900
461 -1487600 -1002200
462 -483500 -147500
463 -835500 -774000
464 -592200 -543300
465 -1195100 -386800
466 -1224200 -464300
467 -1026400 -183800
468 61600 -335200
469 317300 -123000
470 -775200 -537800
471 276200 -45700
472 -746400 -543100
473 -1384300 -885500
474 -225800 -164700
475 -1272800 -593500
476 -1310400 -757000
477 -154800 -500600
478 -54400 -444200
479 -833500 -919700
480 -1375000 -877700
481 -296400 -549400
482 -1462500 -960800
483 -724200 -124700
484 219800 -40100
485 -146400 -496600
486 -1314100 -739100
487 -1280200 -1008900
488 -309400 -536400
489 282000 -50600
490 -366200 -529500
491 -339300 -169300
492 -151300 -160500
493 -446900 -536000
494 -1468000 -1036000
495 -1198200 -394900
496 -117400 -159000
497 185100 -57500
498 -1251200 -536100
499 -305300 -540500
500 -1288600 -1009900
501 -192000 -519400
502 -196200 -521600
503 -1112400 -992000
504 233800 -195900
505 -1218000 -447800
506 -468100 -151300
507 -966600 -162800
508 223800 -38200
509 198500 -51000
510 -1311100 -821600
511 -1485300 -992100
512 272200 -180200
513 -851100 -584400
514 222500 -38700
515 90400 -303300
516 -1072600 -992400
517 -1322600 -832700
518 -974300 -165200
519 -1481100 -983400
520 -1208100 -1001100
521 -1212800 -433900
522 -1190600 -374700
523 -535000 -135100
524 -860200 -665400
525 -1438900 -937100
526 -973500 -164900
527 -1003800 -174400
528 -986400 -169000
529 -865300 -629400
530 -1316600 -827400
531 81000 -313700
532 -321200 -528300
533 289100 -173100
534 -517500 -139100
535 -864500 -980900
536 104900 -91000
537 -1303000 -805600
538 -1083400 -261900
539 133400 -79100
540 -67800 -453700
541 -1007400 -175500
542 -876800 -993500
543 242600 -192300
544 -1282100 -617600
545 -738400 -543800
546 -1484200 -1020300
547 -568500 -128300
548 -111400 -480300
549 -923800 -1007000
550 -193600 -162900
551 -2900 -403200
552 318500 -130100
553 -511200 -140700
554 -1175500 -997300
555 165200 -65700
556 296700 -169400
557 318800 -137300
558 -885000 -998800
559 304200 -84200
560 -1266900 -1007500
561 -840900 -566000
562 -1218400 -448900
563 -1237900 -500600
564 -988000 -169500
565 -821900 -541000
566 -268400 -166800
567 -1465200 -963600
568 -959300 -1004200
569 -1192700 -999300
570 -1136200 -293200
571 -1320700 -831000
572 -760300 -541200
573 -997000 -172300
574 233800 -34600
575 -1305900 -813800
576 -1252100 -538500
577 -230700 -539600
578 250900 -188900
579 220000 -201400
580 -957500 -159900
581 -831100 -912100
582 -1275500 -600600
583 -846200 -948200
584 -809900 -534100
585 -587800 -543300
586 -1243000 -514300
587 -33700 -428700
588 -192600 -519700
589 -862700 -653600
590 237600 -33800
591 -1303600 -786500
592 -1215800 -441900
593 -903500 -1005300
594 -1179900 -997800
595 -1454300 -1039900
596 -1450100 -1040300
597 181800 -58900
598 -292200 -552300
599 -853900 -589700
600 -825500 -831200
601 -250700 -548600
602 -771400 -128800
603 -1456800 -1039500
604 -1144200 -298600
605 -1033600 -191700
606 -1347700 -854500
607 -1050500 -993900
608 -312400 -168300
609 -1460100 -1038900
610 -1309800 -684700
611 315900 -117500
612 301000 -167000
613 60700 -109600
614 -1461300 -1038500
615 -849000 -138700
616 150600 -239500
617 306500 -163000
618 -1207100 -1001000
619 -832200 -789600
620 -270500 -554800
621 -829500 -803400
622 -1486100 -1015200
623 -578300 -543200
624 -367800 -169200
625 -199900 -523500
626 -826300 -824000
627 -830600 -550400
628 -1304400 -782400
629 -800300 -532800
630 -306600 -539100
631 134400 -255200
632 -1262200 -1007000
633 -854900 -689200
634 -1347700 -854500
635 -301500 -167900
636 149200 -72400
637 -582800 -543200
638 162000 -67000
639 -942500 -1005900
640 -689600 -123300
641 -1183400 -355400
642 169100 -225600
643 -779800 -536400
644 180100 -218900
645 -718900 -124300
646 188100 -56100
647 -252600 -549400
648 -1309300 -761300
649 -921000 -1007000
650 -1156400 -308900
651 -1194300 -384600
652 -112900 -481100
653 -837900 -930200
654 256300 -186600
655 -1418900 -1036400
656 -1260700 -1006900
657 -55700 -153300
658 -1167100 -321900
659 -846300 -727100
660 285500 -54200
661 -726400 -544200
662 187400 -215100
663 -395500 -531800
664 -1486700 -996600
665 -70600 -156000
666 -180500 -162200
667 -630000 -543600
668 -1357400 -1020900
669 -422300 -534100
670 -901100 -146100
671 312200 -105600
672 -843900 -943600
673 -1124900 -286200
674 316300 -150000
675 -1468200 -966900
676 -204500 -526000
677 -1487700 -1005000
678 -1096200 -269400
679 -994700 -1000000
680 -1302500 -796800
681 -718700 -544300
682 274700 -179100
683 -1315600 -729100
684 120600 -84500
685 -1134100 -291800
686 -42300 -150000
687 -1486800 -997200
688 -843800 -571100
689 -1350500 -856900
690 -1022900 -181200
691 -105300 -477100
692 -1362500 -1022200
693 -211200 -163900
694 318200 -127700
695 -752000 -542600
696 -786900 -534800
697 -685800 -544000
698 309700 -98200
699 -1054700 -239700
700 86100 -98900
701 -1370600 -1024200
702 -759500 -541300
703 -496100 -144500
704 -822600 -135100
705 -1425400 -1037800
706 250400 -34200
707 1900 -134300
708 -1239800 -505700
709 -802600 -532900
710 -1155700 -308100
711 -445900 -536000
712 -1482700 -986500
713 -1304400 -810300
714 -890900 -144600
715 -1033300 -191300
716 -1230400 -1003500
717 212300 -204400
718 110900 -280600
719 297400 -70600
720 -1142700 -297500
721 -701400 -544300
722 -281400 -556100
723 -686900 -544100
724 290300 -60000
725 26300 -123900
726 -665400 -543800
727 -785500 -130400
728 -878400 -994700
729 -170700 -161700
730 -185300 -515900
731 -272200 -555200
732 -189300 -162700
733 -555000 -543000
734 284500 -175100
735 151200 -71600
736 -1486200 -1015200
737 -1148400 -994200
738 -966600 -162800
739 -1421000 -1036900
740 -1338700 -846900
741 -1310900 -687800
742 -803000 -132600
743 -1391000 -1029400
744 -948000 -156800
745 -513100 -541900
746 -315100 -531400
747 -1304900 -780300
748 314300 -112200
749 83700 -99800
750 -64500 -451400
751 -678600 -123100
752 242500 -33400
753 -1469900 -1035000
754 -146600 -160300
755 137400 -77400
756 -1207800 -420500
757 -114800 -158900
758 -852200 -701300
759 -1025300 -996600
760 82000 -312700
761 -889500 -1001500
762 -91700 -158000
763 -858600 -672900
764 -165600 -505800
765 47000 -115300
766 -482200 -539200
