1 -732843 207559
2 -1248328 188420
3 -888550 375278
4 -1265887 300546
5 94999 405327
6 -1252387 286196
7 -778886 486227
8 -1201615 55527
9 119532 385060
10 -53780 -260144
11 -26274 64331
12 54685 -164305
13 17356 163812
14 -606609 486550
15 -327951 -28689
16 -1140680 45649
17 -1138446 49021
18 181478 307074
19 -884147 379514
20 -1123772 71969
21 -455361 36680
22 -1206927 81285
23 -278354 161907
24 131152 90777
25 -1210579 92146
26 -918252 610907
27 -1246844 173383
28 46101 366008
29 -33099 60342
30 -1115578 84810
31 -1068598 155034
32 -748839 511386
33 10786 132450
34 -535583 79495
35 -1163967 17007
36 -501794 324688
37 -841390 450384
38 -425115 21804
39 -1238131 229455
40 -1145285 481093
41 -756434 249013
42 -521324 71742
43 94270 -31380
44 -434003 26169
45 -760182 256829
46 112159 396222
47 -1204030 70224
48 -279990 -151572
49 -788608 326247
50 -650361 142616
51 -255747 -167731
52 -792199 334872
53 -1040283 196117
54 -1089063 124635
55 148142 143540
56 -729559 524573
57 20285 187604
58 159918 179205
59 -1011104 236686
60 -163141 95934
61 -28572 -254355
62 54977 380075
63 -820023 390437
64 -863129 397849
65 -900939 596214
66 -1237878 151438
67 187270 291574
68 151854 155050
69 -1134806 488895
70 -522482 354858
71 -1202553 62033
72 -304486 -72070
73 -15670 -248455
74 107692 14440
75 -444202 31035
76 88712 -50635
77 -1050875 180975
78 -802477 465450
79 -1100373 107952
80 -1153614 474826
81 -372601 215344
82 -306398 -83978
83 9589 -231436
84 -713015 184300
85 -743578 515332
86 -1047433 554408
87 -835456 403482
88 -1199708 41397
89 98072 -18257
90 21573 202671
91 16619 -225115
92 -1082572 134297
93 -804731 362894
94 -309503 -42367
95 -1235163 243628
96 -132881 78955
97 -850020 458380
98 -203459 -193548
99 -1284713 347722
100 -870912 527153
101 -586501 107542
102 184307 301783
103 -1006997 241943
104 -1194482 22078
105 -744532 226030
106 -921429 342392
107 40419 354534
108 20941 194690
109 -601806 115892
110 -300495 -126452
111 -1233091 141593
112 62937 390045
113 22487 216699
114 -1023823 572858
115 -305907 -108481
116 -1119739 78254
117 -933604 329533
118 -397085 7851
119 -640538 531390
120 26403 296081
121 -786835 479120
122 -868953 519288
123 -305176 -48468
124 -932251 615669
125 -1192318 18201
126 -1180064 10169
127 -558039 408511
128 -547069 391811
129 -948678 313060
130 -637643 528606
131 -757421 504575
132 15728 154641
133 -750752 237536
134 73582 -104376
135 -766094 270179
136 -469323 284058
137 -1234515 259215
138 22703 221894
139 -1244942 278972
140 -486315 52880
141 -884125 568622
142 -172597 101447
143 -863327 493494
144 -799786 352202
145 72274 398711
146 -51638 56077
147 -978977 277426
148 -913028 350943
149 49174 371416
150 -1021063 574992
151 -1235170 145652
152 -857800 474587
153 -319478 185165
154 -754016 244024
155 -1224513 124021
156 -301937 175221
157 -271675 -157876
158 -653644 541142
159 -970751 287493
160 -828363 399291
161 -998096 253461
162 5765 116476
163 -235101 -178351
164 -1149901 32736
165 -695062 169088
166 -974633 606414
167 126375 370394
168 -444318 261254
169 -671117 546973
170 -541172 82653
171 -1272427 392527
172 -240044 -175936
173 -875243 543186
174 -225899 -182753
175 -1258620 404626
176 -1283720 337549
177 -1278368 320158
178 -1279020 380044
179 -1191219 447895
180 11390 134927
181 -303322 -65552
182 139191 115827
183 -1189 99196
184 -1248284 180234
185 -1242566 213317
186 -671297 154034
187 -106265 -245159
188 -107384 67617
189 -993563 595160
190 -1055882 547645
191 -576507 101999
192 -311848 -40060
193 -965935 610633
194 -800158 467348
195 166455 198666
196 -738263 518922
197 25753 288771
198 7708 122300
199 -659136 544035
200 -666894 546328
201 -921200 612392
202 -1276379 316141
203 -852106 403743
204 78881 -85441
205 -513602 67480
206 -984647 270471
207 171513 318120
208 -868034 393957
209 -566380 96504
210 4817 -235279
211 -1218051 110195
212 99319 404416
213 82017 403988
214 -1166244 15200
215 -306692 -87923
216 -796165 344114
217 -907430 602881
218 174767 223588
219 -249524 -171185
220 -813748 457134
221 -1033372 565395
222 -723802 195951
223 -858719 477112
224 -816342 385080
225 -805257 364132
226 -90902 62028
227 177036 230585
228 -82160 59717
229 -843914 405219
230 -532419 369753
231 -939384 323290
232 -208965 122599
233 -852220 461944
234 71627 -111409
235 -257865 150477
236 -40236 -258074
237 -216836 -186979
238 64149 -137382
239 188051 284258
240 -1159866 20832
241 -62966 56394
242 -1119319 500100
243 -621111 126549
244 -1002961 588729
245 -903109 598660
246 -306108 -81465
247 76538 401467
248 -248959 145441
249 -1097256 516182
250 -1172809 11531
251 -583798 449101
252 -695951 542223
253 -286759 166598
254 -2158 -240302
255 -310571 180130
256 24923 276580
257 -539000 379773
258 -1112736 504754
259 -1196634 27164
260 -808698 460628
261 -956578 304165
262 19261 177599
263 23075 231210
264 166660 322148
265 -690146 544261
266 -120839 -237371
267 -1064646 540919
268 116994 389554
269 57483 383320
270 -1010898 582830
271 -705501 538070
272 -879880 557375
273 179915 239835
274 -1236716 267744
275 -266297 -161487
276 -890575 582002
277 -70777 57388
278 -864101 497276
279 24394 264799
280 -63999 56545
281 -1201039 50845
282 -1144170 40767
283 -1282394 369260
284 109488 399012
285 -1019425 225230
286 -72931 -258386
287 -260654 -165002
288 23873 251140
289 -223328 130841
290 -215690 126397
291 -903667 360370
292 -54188 56052
293 185957 297041
294 -781202 307346
295 -817620 454747
296 -833482 449124
297 -875732 544738
298 -1239229 225443
299 -1212420 434610
300 -1244848 205113
301 -646671 536457
302 -93298 -251426
303 -1071043 535957
304 -855248 467990
305 -1242132 276007
306 -1155348 25787
307 -175424 -207724
308 -894268 587806
309 -826807 450425
310 -1195818 25129
311 147554 337016
312 -167569 -211939
313 -335044 -24499
314 111790 28197
315 -576878 438150
316 -21895 67806
317 -777586 297826
318 60806 -147629
319 -553415 401390
320 57818 -156166
321 -807814 369297
322 -288153 -144234
323 23405 238780
324 -925949 614276
325 -1268821 396473
326 158394 328320
327 -564337 417958
328 -764421 498791
329 -405659 12180
330 -462144 276738
331 -1282836 333054
332 89356 405531
333 -292770 -138992
334 -611064 494034
335 -294348 170909
336 -1232926 422105
337 187894 285104
338 -203056 119181
339 -734615 521303
340 -877909 385322
341 -426510 248095
342 144629 132931
343 -725029 527426
344 -810939 375609
345 -860097 481727
346 164606 323658
347 -630186 520935
348 44567 363193
349 -146729 -223091
350 -1275724 387113
351 -415441 240837
352 -1110766 92054
353 -1274167 312130
354 -185781 109140
355 -144277 85042
356 -957255 613868
357 -1103483 511583
358 -984503 600865
359 -619121 507280
360 -1036624 201362
361 -1242107 415904
362 -1180021 455583
363 -319709 -33967
364 -943536 616077
365 -295557 -135265
366 -626028 516128
367 -1169584 13006
368 -7595 86405
369 35494 341605
370 -38590 58268
371 -306897 -91911
372 -345310 -18829
373 -717630 531699
374 30050 321413
375 -1215185 103562
376 -551571 88274
377 187553 273015
378 -1093320 118345
379 116335 390744
380 -111499 69205
381 162695 187289
382 -951075 615289
383 -658717 147175
384 126625 76337
385 -773844 288578
386 -484425 301362
387 -492173 311485
388 -677799 157838
389 -15113 75015
390 -140416 82910
391 122467 63160
392 -388420 224485
393 -45975 -259260
394 -1241462 217105
395 185291 260829
396 -515816 345019
397 27994 309904
398 -1129128 63323
399 67632 -125655
400 -1992 97474
401 -1245855 201059
402 -713003 534286
403 -911732 606432
404 -1081606 527973
405 -1197771 31115
406 -1162734 468045
407 115689 41054
408 -466479 42416
409 182673 250244
410 -1132474 58042
411 86100 405173
412 -1263572 297701
413 -1190650 16099
414 -1283269 365254
415 -1154225 27249
416 -314778 -37590
417 -927825 335775
418 -1175334 10612
419 -363292 -9120
420 -1255511 289197
421 170469 210586
422 -384203 1403
423 -1225448 426783
424 -347038 -17803
425 51922 375652
426 67684 394783
427 -302714 -56677
428 177900 311942
429 142913 341498
430 -191030 -199785
431 -796486 470491
432 -1263971 400722
433 -364329 210604
434 -798311 348977
435 -821364 452631
436 -380963 220126
437 -1195266 445368
438 51370 -172359
439 -1088969 522359
440 129942 362662
441 186516 266768
442 37944 348517
443 -194523 -198046
444 70830 397509
445 -283790 -148365
446 -570840 428383
447 -1177473 10285
448 -1198842 35918
449 -36772 58854
450 -1241499 159526
451 -1226931 129010
452 -306592 -101431
453 187963 277679
454 -452143 267661
455 -151914 89486
456 -1256512 406070
457 143972 130810
458 -1238838 271713
459 -235642 137797
460 133115 356217
461 -847932 404886
462 -301879 -123269
463 -866116 507152
464 -790428 330626
465 -737085 213841
466 -1028785 212492
467 -1188167 13616
468 -397785 229956
469 -937990 616139
470 -305505 -77333
471 -686818 545247
472 -1280623 325733
473 105294 401850
474 31203 326724
475 -1071823 150249
476 -1108489 95517
477 -266771 155512
478 -413780 16298
479 -640186 136989
480 -822942 394116
481 -886089 573401
482 -812589 378696
483 -1125855 495313
484 -119105 72532
485 -131557 -231490
486 -889638 580462
487 119672 54092
488 -1219955 114393
489 -784521 315845
490 -182638 -204029
491 102242 -3872
492 -12480 78532
493 105399 6682
494 -1243936 165186
495 -85335 -254698
496 -60849 -260158
497 -435544 254515
498 -857409 401361
499 -704343 176395
500 -1185429 11678
501 -79197 -256678
502 -862426 489984
503 -831329 401447
504 -494170 57094
505 -871972 390718
506 -1087728 126550
507 45834 -184231
508 -844212 452141
509 -873362 536571
510 -10294 -245445
511 13876 145464
512 -1236653 235937
513 -894082 369803
514 -595506 468242
515 -847747 455445
516 -590996 109969
517 -600517 476426
518 123419 377069
519 -772684 491720
520 -867731 513864
521 -1249663 410821
522 27114 302812
523 -95457 63380
524 138791 346619
525 34120 -204146
526 42984 -189633
527 -769630 278448
528 -160216 -215809
529 -861325 485719
530 -505928 63350
531 -331909 -26292
532 -965987 293215
533 -590211 459484
534 3634 110960
535 -615663 501916
536 129263 84597
537 -369418 -5932
538 -123589 74512
539 -1245870 170502
540 -1284625 354301
541 -677871 546923
542 -988991 598103
543 -304213 -116443
544 -1044848 189640
