1 -404238 -40332
2 642 153515
3 -177597 495403
4 280606 147983
5 -487671 156876
6 -595963 252154
7 -392502 231042
8 247288 202353
9 17413 157503
10 -599905 645857
11 -831114 -5508
12 149745 -47402
13 -301326 296364
14 -358279 328396
15 -233504 153644
16 -254341 243171
17 -627495 163700
18 -89597 660275
19 132063 393048
20 -741320 675339
21 -364714 332173
22 -602733 649460
23 59031 226498
24 -769982 484623
25 -798787 -40101
26 -665348 201802
27 -380325 -40297
28 52320 527547
29 -69233 -43242
30 -141613 593919
31 -813819 195517
32 -135124 608655
33 217147 -49151
34 -460795 243967
35 -539070 585743
36 -561534 -40321
37 -130658 618316
38 -640365 231392
39 -24776 -44091
40 -139524 387966
41 -512505 157409
42 -32029 653580
43 48238 263343
44 40606 -45310
45 -289061 154305
46 -830214 -28391
47 -120892 -42444
48 -50249 662449
49 -435150 469499
50 -281653 283142
51 -801589 292302
52 -659676 -40847
53 -47588 336944
54 303615 110863
55 -420049 -40284
56 -168718 435977
57 -632841 236558
58 219685 247817
59 -803167 283042
60 -661176 174031
61 -318686 306364
62 -832646 -24673
63 -235793 -41554
64 -122583 152114
65 -790450 53546
66 -372660 227332
67 147675 367177
68 -466642 156409
69 -654530 169960
70 -346784 222733
71 -112679 -42658
72 -595412 640410
73 -754264 587534
74 -268438 154025
75 -433699 430826
76 -9257 -44350
77 3077 613881
78 -613937 162272
79 -784647 394556
80 -623608 677048
81 -204273 153264
82 10523 601233
83 268626 -47654
84 26586 -44999
85 -176984 503630
86 -294617 218851
87 -798632 32848
88 -57411 664100
89 -685913 724803
90 -785356 -40733
91 34585 284680
92 -55498 663767
93 -255710 253730
94 -605257 -40447
95 116126 419608
96 -280729 282474
97 -7884 629808
98 -808936 -38855
99 48977 182020
100 -440047 240088
101 -810814 235546
102 -437957 498319
103 -38081 150662
104 -501398 -40323
105 140243 379425
106 346779 32422
107 45052 268635
108 -648753 167861
109 346103 34599
110 -732605 -41292
111 322597 80207
112 57334 237845
113 175075 321806
114 103066 441165
115 -261512 265134
116 -178035 473575
117 -790624 81457
118 -23273 -44139
119 -490083 248847
120 -31563 330799
121 -607974 656281
122 -700845 725482
123 -322052 219394
124 -720114 718506
125 -771537 -41051
126 -326678 220033
127 -490294 -40235
128 -468346 245304
129 -525067 253529
130 7263 -44673
131 -793213 43843
132 -433262 -40145
133 -719332 719033
134 209162 265461
135 -659851 714907
136 -104833 652438
137 1380 616623
138 82260 -46157
139 -430266 412735
140 -557730 -40389
141 20970 299214
142 130901 394808
143 -421461 389828
144 -675680 -41005
145 -672192 721580
146 -647847 225027
147 279378 -46077
148 -553256 596555
149 -478356 156600
150 186335 303087
151 3227 154006
152 -832976 -9476
153 -260150 263381
154 -487892 -40251
155 -34088 -43916
156 -631566 237303
157 -398940 358095
158 -314608 304205
159 246860 203139
160 68078 500380
161 -553773 597037
162 -382523 -40374
163 -384144 229533
164 349156 4488
165 -643397 166347
166 -261924 231099
167 47940 180182
168 -133009 -42167
169 -809955 242480
170 -489180 248779
171 -422393 155753
172 312016 -35132
173 -609518 247779
174 -811614 229815
175 -285561 220268
176 -397592 356741
177 -552365 158419
178 -120489 -42530
179 -445385 241103
180 288231 135941
181 -598754 -40420
182 -667304 719149
183 47751 179876
184 209438 -49020
185 -7855 -44401
186 349664 7107
187 -808209 252647
188 19580 585439
189 -381551 155278
190 -826643 1151
191 -821472 -35190
192 29388 568171
193 -628801 163854
194 -93841 151417
195 -582746 -40362
196 119308 -46864
197 320372 83731
198 -680581 723989
199 -634084 690491
200 198017 -48618
201 -809561 19158
202 336533 56479
203 -80401 663398
204 -256721 256897
205 27190 293027
206 -779031 428573
207 -173151 448330
208 -619679 243621
209 142336 -47261
210 -63022 -43425
211 -430735 414720
212 -594367 639146
213 -588246 -40454
214 -701389 -41203
215 293328 127514
216 -567405 609168
217 -308512 218466
218 -165809 538941
219 -834742 -13340
220 13570 -44753
221 182192 -48170
222 -138098 602147
223 -340512 318210
224 -744599 654612
225 -822314 6105
226 -259110 233599
227 -829412 -2647
228 -323987 309181
229 -73822 664128
230 47106 536470
231 -120733 634973
232 -739376 682712
233 -163491 423852
234 230620 229788
235 330777 66584
236 -798752 116494
237 -10501 633119
238 -14901 323577
239 -834692 -17641
240 -532417 -40305
241 240065 -49251
242 -98573 656559
243 308699 102836
244 -666072 179563
245 -583510 626217
246 -214078 -41596
247 -656628 215715
248 -759789 550919
249 -316473 -40669
250 83660 -46108
251 -417548 -40296
252 157556 350712
253 -724754 713841
254 -119925 371140
255 209038 -49034
256 -437204 493942
257 250662 -48981
258 -267891 227189
259 -813885 197416
260 -289337 219535
261 -804304 132210
262 -430875 238207
263 -662100 174699
264 -540428 254994
265 62011 510775
266 -254343 240369
267 26084 573959
268 -807250 21740
269 -113158 366474
270 -24356 327849
271 -270024 -41248
272 -787040 379964
273 -114685 -42528
274 -350410 223406
275 145444 370901
276 -21521 644941
277 -164357 425723
278 -150810 401681
279 -796375 323503
280 -201069 -41642
281 -253910 -41386
282 -794563 334673
283 52154 254375
284 -769143 489255
285 -159262 554879
286 -512547 568358
287 -434649 443701
288 130922 -47059
289 7763 -44656
290 -275665 223415
291 -610800 247233
292 -740360 679375
293 -37378 150587
294 -699257 725838
295 -158025 413436
296 -301771 154362
297 -829598 -3054
298 -803645 130532
299 -604198 250166
300 151503 360707
301 -92457 -42952
302 -290064 289052
303 -31082 -44011
304 -422755 392485
305 -382540 344059
306 -796129 107280
307 -564405 606371
308 -262017 230896
309 -822802 -34336
310 232645 226257
311 -791332 353898
312 -659545 714717
313 -802744 285258
314 80952 478416
315 -795783 105992
316 -772037 471843
317 -113452 644233
318 -747262 636308
319 -122827 631898
320 276094 -46592
321 59048 225998
322 101148 444500
323 349932 10919
324 -302109 218489
325 -434628 443101
326 343984 40829
327 -789377 60087
328 -754037 589643
329 -256141 237405
330 -331433 313223
331 57321 519016
332 -528227 157761
333 -443615 156013
334 57448 205930
335 52802 189958
336 -740810 -41279
337 -785660 -40643
338 -788933 368290
339 -513215 252242
340 -815791 -37393
341 34303 559237
342 -814591 14179
343 95306 454202
344 -389731 349411
345 166264 336307
346 -267595 227299
347 -177948 -41835
348 75310 488125
349 27971 161774
350 -366719 226239
351 -149026 576950
352 -257936 260156
353 -111968 151884
354 -793556 96664
355 -394664 155421
356 -612730 162114
357 -791659 351785
358 96480 -46461
359 -800531 299244
360 338361 -15901
361 328164 -24762
362 -321486 154474
363 -745338 649984
364 -362290 225493
365 -399671 155546
366 -802924 26794
367 284143 -45010
368 -797956 314343
369 29442 162626
370 -346100 -40403
371 290883 -43174
372 -410418 371602
373 -597281 160953
374 -618470 670324
375 -256276 255611
376 -300810 218535
377 -272343 154089
378 -406395 233459
379 -645371 -40747
380 -726286 711886
381 -748869 625045
382 -283872 220627
383 -15922 639333
384 -798282 312230
385 -812072 16569
386 345452 -6948
387 40187 170106
388 -151060 572176
389 349288 17900
390 -612484 662228
391 -47186 150644
392 58867 213984
393 258331 184127
394 -763847 523861
395 -282938 -41099
396 -544439 255254
397 -800289 -40054
398 -779207 427866
399 42519 544615
400 -140880 595846
401 -139101 152338
402 347505 -2673
403 -664372 176721
404 129223 -47118
405 -622560 675684
406 -652760 709551
407 -734575 697088
408 -833820 -11106
409 -125661 627096
410 -521244 573858
411 -294917 218840
412 -677579 -41072
413 -486112 553472
414 76169 486454
415 -398340 232039
416 -576741 618648
417 214163 256930
418 -406898 233541
419 -265991 270181
420 -817391 11280
421 -16852 640201
422 -178743 152855
423 -806387 137441
424 -33087 331447
425 -634936 164741
426 -5625 152496
427 -767768 498608
428 199510 281134
429 58957 214288
430 299049 118408
431 -435052 466701
432 -435579 481791
433 -316335 218993
434 153 -44521
435 -417502 382462
436 -435961 -40239
437 -781548 -40900
438 -535478 583167
439 -178008 472775
440 286113 139270
441 13827 595445
442 -368738 155125
443 -813867 171100
444 171889 327098
445 -802195 -39920
446 -261146 231727
447 -289534 219429
448 -776744 -40932
449 -467442 156381
450 -320047 219264
451 -65006 150923
452 -653413 169499
453 -275861 223308
454 -434408 436805
455 13647 156471
456 -537642 158032
457 -506801 -40311
458 -381209 343205
459 -434986 473407
460 -668315 186489
461 55731 521562
462 -280406 221648
463 -794235 41606
464 327056 72858
465 -44783 660639
466 -813795 180508
467 -831310 -5615
468 -330293 220407
469 -656342 216125
470 -331088 -40479
471 29182 568364
472 305517 -38160
473 -417819 382951
474 -153451 405691
475 -342146 319153
476 -135277 383812
477 298116 -41120
478 -104440 652652
479 -790368 79865
480 -815995 -37300
481 -663767 205259
482 -704594 -41115
483 -134896 152284
484 8200 309574
485 111770 426860
486 -68036 664630
487 -396133 -40349
488 -124962 374967
489 -573267 255548
490 55928 -45675
491 16593 590738
492 274798 -46738
493 17253 302486
494 -467780 -40249
495 -752417 -41284
496 -501049 250566
497 -259933 154022
498 -499889 561195
499 324753 -27382
500 -33256 654337
501 271908 162088
502 -416362 235212
503 -553662 255733
504 -365933 155023
505 -624343 678023
506 -635136 164734
507 29786 290316
508 -256812 -41387
509 -433103 155879
510 -544556 158291
511 -269928 274046
512 -667186 197135
513 -93156 -42977
514 344884 -7868
515 83929 473417
516 -142913 -42213
517 -221181 -41644
518 -453813 528283
519 -645815 226999
520 -654408 710894
521 338171 -16207
522 -642269 -40739
523 43367 543244
524 8592 155094
525 -774020 459867
526 74851 -46015
527 -693953 725823
528 -340949 221836
529 -283853 154187
530 -336901 154636
531 107990 -46559
532 -44548 335849
533 198720 -48694
534 37711 553353
535 -711173 723220
536 118808 -46882
537 8064 605750
538 -254574 246965
539 -733742 699018
540 -742403 669098
541 -807395 257979
542 -74222 664114
543 -435302 155803
544 -174787 515213
545 -175951 459739
546 -824050 4243
547 -83730 151270
548 -762689 530805
549 -813315 209743
550 -799290 31624
551 -443571 512932
552 -455156 242963
553 -505575 251208
554 -116876 152013
555 -639924 697291
556 112095 426171
557 322796 -28652
558 -19682 325811
559 -829077 -29452
560 -534940 158027
561 96979 -46443
562 -636380 693212
563 -232991 -41556
564 -461676 -40236
565 337820 54022
566 -663013 206587
567 -824911 3112
568 -812561 219675
569 -813236 210346
570 27264 571699
571 -827501 -79
572 -831790 -26245
573 -580438 254598
574 -78541 -43167
575 -792735 93190
576 259917 181681
577 -666296 180256
578 -471582 544273
579 -794237 336786
580 -274561 277787
581 -826491 -31863
582 -556976 158658
583 -17790 151271
584 -781588 412974
585 11068 -44740
586 -56497 150820
587 57693 236157
588 181869 310636
589 333810 -20262
590 -182044 152839
591 -761394 539556
592 305914 -38046
593 -155998 561697
594 -551356 255613
595 11478 599665
596 -427322 402932
597 -646223 167048
598 -728277 708715
599 159035 348462
600 -149612 152471
601 -775158 452322
602 -113263 644539
603 -343702 -40319
604 -819809 8894
605 -522368 574519
606 -809748 147730
607 319279 -31076
608 42908 -45330
609 -161579 549595
610 -715128 721882
611 -668339 187189
612 240564 -49234
613 -750876 610866
614 -809468 19361
615 -369138 226755
616 -157202 558954
617 -42036 659334
618 -547082 591667
619 -11500 151691
620 -757325 -41155
621 -153724 -42090
622 -108660 363729
623 -307864 -40769
624 -483254 551870
625 -280606 221642
626 -834699 -17441
627 -234203 153619
628 -288220 287816
629 313587 -34276
630 237097 219108
631 108693 -46635
632 -735680 694348
633 -623776 163229
634 -668451 190387
635 -169038 436566
636 -45302 -43707
637 -306645 299680
638 -163632 -42036
639 -579238 621363
640 178158 316610
641 -776979 441452
642 -644696 702128
643 -424379 396030
644 139834 -47248
645 -598283 161018
646 -789150 67900
647 -725202 -41234
648 -504792 157178
649 332453 -21510
650 -426943 237344
651 44838 174471
652 52143 254674
653 -25462 648906
654 177388 -48138
655 -786861 380570
656 -127330 376885
657 -418791 155779
658 -475808 547828
659 347948 -1057
660 207148 268693
661 -307313 218508
662 35947 282926
663 278161 152100
664 -440584 507633
665 -176421 461724
666 -434870 475813
667 -337227 221265
668 340496 49013
669 -372084 336919
670 -795643 328332
671 54165 193908
672 -812919 164029
673 249063 -49037
674 -4708 318229
675 46412 -45407
676 260945 -48322
677 197271 285058
678 -77042 -43114
679 -479190 -40147
680 -84660 662148
681 -665367 718116
682 -758329 560676
683 -790794 51933
684 161566 -47790
685 -255858 237915
686 -658504 172023
687 62967 509207
688 -755985 576667
689 -789395 60587
690 -789260 366178
691 -144812 -42279
692 -496184 157079
693 -144727 393688
694 -813811 178106
695 -410101 371113
696 31694 -45121
697 4708 312154
698 -47504 -43684
699 -456823 531380
700 -380748 155206
701 -668211 192096
702 -192260 -41735
703 57634 206337
704 -442074 510182
705 217874 250956
706 -313181 154464
707 -17466 -44236
708 -749041 624239
709 -447416 155980
710 -339603 154642
711 -637826 233182
712 -496683 157061
713 -173062 520277
714 -520814 -40200
715 -6833 628344
716 -629691 685041
717 -410882 155655
718 -154016 152517
719 -804935 24222
720 72645 -45892
721 -810961 153791
722 -22972 646392
723 -696262 726043
724 349844 13417
725 224856 -49282
726 -207374 153256
727 -168839 -41917
728 -102768 -42812
729 94878 454988
730 -176585 506545
