1 1135676 257267
2 -193609 -134856
3 987738 615535
4 459721 29563
5 983704 619896
6 326756 -19823
7 -187301 -135712
8 997715 599421
9 182815 -99186
10 396627 341317
11 1042369 -5945
12 1202444 -120789
13 1129053 366420
14 269791 270055
15 631213 3977
16 -54829 -39712
17 931061 630597
18 118740 191459
19 149928 207567
20 1055989 -29795
21 -149798 49999
22 1155655 -44650
23 684819 500640
24 1232881 -123891
25 1054516 566155
26 1201503 -120855
27 -137736 57897
28 976230 625590
29 1104271 510093
30 1095761 -113628
31 490515 35497
32 200634 233900
33 -153835 -122398
34 646600 479918
35 872958 603216
36 -116483 70496
37 -228373 -63700
38 56665 159338
39 392682 9039
40 15995 -128177
41 501022 37197
42 1016913 571467
43 573006 35604
44 -210003 -9192
45 1139020 223233
46 835716 57998
47 107339 -141785
48 997421 599826
49 -199255 -132530
50 751972 35967
51 -117559 -104447
52 1239371 -157494
53 -112279 -101847
54 340942 -12977
55 1157760 -85146
56 1083316 552716
57 -228517 -73199
58 188183 -96028
59 1155649 -56891
60 -227376 -54694
61 181763 224146
62 -74572 93282
63 1201687 -244452
64 1132024 306528
65 1117857 461621
66 1148770 -221466
67 1143899 171773
68 1006403 25523
69 89787 176357
70 -188301 -135696
71 -76197 -45348
72 -123743 -107333
73 1142335 189918
74 316246 295772
75 1073644 561264
76 -194028 -134789
77 1123759 427468
78 1240896 -151936
79 1131186 322483
80 52479 -153214
81 1241957 -146592
82 -27292 -63833
83 580239 32454
84 -14574 -82528
85 154590 -115120
86 1003958 586405
87 -8535 -91860
88 1153697 42429
89 233337 250986
90 1220912 -213920
91 127754 -130414
92 1218461 -221264
93 1123201 -170452
94 282962 277276
95 1150962 88896
96 1169547 -112429
97 602084 20761
98 45628 -151270
99 591537 26942
100 -170678 34335
101 1140776 205844
102 987356 30473
103 1151642 80985
104 939383 29981
105 921746 31629
106 1152839 62324
107 40317 151045
108 -72733 -42460
109 1125458 412880
110 -213469 -14800
111 1061310 565652
112 966741 30946
113 1150283 99527
114 -30831 115421
115 976806 31213
116 1093477 -108613
117 -123339 -107039
118 553951 40054
119 645490 479235
120 1113946 478063
121 620929 9114
122 1094717 534301
123 898310 37346
124 198957 -89930
125 303053 288412
126 1121589 441342
127 140345 -123244
128 1082012 -83816
129 27639 144677
130 1110017 -142948
131 641136 186
132 1134174 -193381
133 888482 40835
134 783175 51715
135 -220777 -107500
136 487206 34947
137 343199 -11831
138 74668 -154151
139 1118082 -159833
140 -172053 33335
141 78579 -153410
142 415086 351638
143 39130 -148451
144 1152208 -226878
145 1155419 -15403
146 1120043 -163723
147 452732 372809
148 875883 46267
149 24204 -136923
150 -219301 -110383
151 -59857 100760
152 1232635 -176974
153 1007727 580367
154 1238987 -130085
155 933568 30330
156 509506 404911
157 140250 202514
158 385309 334948
159 1030372 566042
160 -48529 -42428
161 6040 -114644
162 1143966 172192
163 1215531 -228460
164 1181326 -249603
165 606263 458028
166 -68519 -40264
167 349678 314747
168 951565 30056
169 -40526 -48850
170 -82916 -58387
171 1027144 12287
172 -223230 -101742
173 1219965 -119555
174 -222684 -35463
175 -118507 -105012
176 858919 595488
177 1163406 -240250
178 -106645 -98372
179 117061 -136452
180 -130610 62210
181 1126994 396815
182 1112830 482320
183 1240016 -132181
184 939730 632445
185 -165712 -128678
186 -228417 -63979
187 277764 -45282
188 194383 230595
189 -225659 -45659
190 1156712 -77750
191 1145706 -216399
192 444023 25821
193 1234145 -124951
194 610661 460482
195 -138752 -114406
196 532638 40638
197 1241800 -137188
198 1213966 -119464
199 -212718 -120804
200 901096 36403
201 563928 38402
202 757061 39170
203 -95847 81904
204 851015 55146
205 788080 53301
206 385056 6094
207 1147753 129209
208 115811 -137114
209 -175603 -133269
210 1137817 -201117
211 1132249 301624
212 1126847 397698
213 469639 382374
214 1221251 -212685
215 -85963 87355
216 -215033 -117788
217 821726 58711
218 1186502 -249922
219 723950 522149
220 978942 623729
221 1155566 -30747
222 973694 627209
223 1134368 273869
224 1236217 -126782
225 1045132 -9748
226 -64202 -39229
227 321269 298556
228 1041826 565588
229 284999 278385
230 -203988 -129417
231 216945 242414
232 719811 13713
233 152530 -116369
234 504321 402009
235 648304 -2022
236 1242246 -142056
237 1154972 3925
238 1240831 -133813
239 1133439 283824
240 223130 -76076
241 87934 175505
242 1176224 -248366
243 1199444 -245958
244 -82135 -55719
245 1104663 -132006
246 1237339 -163544
247 62081 -154520
248 926797 30972
249 1154385 21916
250 -125300 65449
251 415066 17020
252 1237965 -161853
253 708507 6984
254 603194 20084
255 1156405 -75625
256 1163302 -103493
257 708125 6830
258 95911 -147493
259 765214 544465
260 -130693 -110528
261 586760 447443
262 994762 605187
263 921935 627675
264 1160967 -97897
265 1015112 572754
266 698131 2041
267 103297 183452
268 990523 611872
269 17943 -130347
270 127372 -130568
271 1008608 24530
272 1112654 -148449
273 1226443 -194822
274 1078591 557689
275 1158794 -90823
276 215915 241789
277 105383 -142836
278 1173354 -115967
279 1050847 -19316
280 257511 -56536
281 740551 28040
282 528234 40405
283 677895 -4132
284 -145768 -118020
285 -43267 -46268
286 668043 -4862
287 233800 251199
288 -226988 -88404
289 994255 606055
290 -130913 -110565
291 -103814 -96314
292 1063408 -44429
293 981690 621647
294 1211631 -235002
295 73116 167829
296 916118 625303
297 1083385 -86897
298 1241876 -146651
299 21720 -134525
300 1215428 -228658
301 1038115 -260
302 1206423 -240763
303 1154232 25019
304 1015415 20946
305 962543 631839
306 775932 48925
307 1115137 -153567
308 -78948 -48707
309 1120233 449504
310 -222187 -104198
311 -86164 -70760
312 -87776 -75516
313 376284 2687
314 1137994 -201360
315 -216250 -20159
316 1080384 555901
317 800330 56515
318 1224435 -120263
319 539444 421718
320 -228094 -80926
321 1242151 -141754
322 -75667 -44716
323 427993 21344
324 621385 8827
325 26981 -139725
326 411808 15889
327 299523 286465
328 897057 616151
329 1231420 -180576
330 965439 30866
331 1176364 -248388
332 307305 -29628
333 940972 632607
334 1163324 -103353
335 796477 55694
336 1159504 -236410
337 1155886 -67596
338 98448 -146391
339 1035945 565517
340 -95928 81845
341 1028019 566557
342 1153361 -228636
343 1128097 382537
344 849500 55529
345 807750 567582
346 1142173 191161
347 249810 259617
348 -16380 122582
349 -37961 -51189
350 784959 555226
351 886732 41542
352 745792 533938
353 1184498 -121096
354 -2423 -101634
355 557153 431371
356 307768 -29415
357 -84654 -64842
358 955640 633004
359 1031282 8124
360 1237555 -128283
361 986342 617116
362 1090244 542670
363 157569 211512
364 863041 51523
365 1196723 -247317
366 -26639 117477
367 473126 32380
368 1023867 15097
369 402297 344572
370 -89111 85562
371 1106851 -136719
372 -1768 129861
373 1152415 68691
374 1156171 -71221
375 1174501 -116864
376 812859 58325
377 1160813 -97514
378 1185781 -249951
379 -2952 -100906
380 1207716 -120049
381 875207 46517
382 1190509 -249483
383 933149 631125
384 377359 330409
385 1166212 -108177
386 290207 -38590
387 72734 167675
388 574942 441082
389 1169606 -112509
390 1100894 519506
391 67139 -154677
392 1181047 -249559
393 -44980 108355
394 1208157 -119976
395 1000601 593237
396 458979 29395
397 -191494 15008
398 1148763 117953
399 1133631 -192292
400 1155709 -39790
401 490480 394178
402 1187071 -121576
403 1003708 587089
404 1034838 3909
405 1100930 519285
406 -225293 -95330
407 860655 596502
408 -96657 -90002
409 1145575 154325
410 1223512 -204738
411 1179300 -119557
412 559281 39353
413 1138427 228982
414 1212161 -234370
415 1195650 -121646
416 1125765 410755
417 11778 -122712
418 -221182 -31405
419 583517 31004
420 332852 305241
421 1107090 502130
422 230837 -71712
423 1040327 565610
424 1229476 -186067
425 628671 470229
426 240361 -66276
427 961926 632008
428 913806 33030
429 735768 528510
430 889115 612112
431 45430 -151167
432 -143958 53871
433 -45303 -44657
434 -68600 -40323
435 -104319 77232
436 1155852 -231894
437 1076048 -70844
438 87058 -150959
439 1068345 563965
440 718846 519306
441 -58799 -39011
442 90153 -149945
443 1191553 -249218
444 1145954 149039
445 1214047 -119405
446 -10718 125337
447 1054016 566163
448 -207237 -4834
449 521853 411904
450 -112386 72854
451 1000579 593097
452 1018347 19121
453 1182226 -120522
454 -89933 -80543
455 -92972 -85718
456 214938 -80792
457 475192 32769
458 731777 21912
459 -93766 -86666
460 947861 633162
461 -30745 -59420
462 1110761 489592
463 875642 604795
464 -224566 -97521
465 1025094 567522
466 1241991 -137791
467 1049503 -16955
468 1087511 547112
469 657993 -4130
470 664632 489805
471 -182211 24349
472 262291 -53928
473 12924 137199
474 1087821 -96406
475 -32648 -56970
476 -85906 -69583
477 -90242 -81139
478 1094115 535470
479 1155428 -12183
480 70323 -154465
481 -21517 -72121
482 687873 -1703
483 1128031 382118
484 -98422 -91656
485 1241124 -151400
486 139558 -123693
487 429861 21836
488 729107 19972
489 -59578 -38959
490 -87504 -74700
491 541483 40883
492 1099117 -120460
493 1061170 565674
494 810094 58047
495 1208108 -239169
496 719163 13243
497 1194789 -248227
498 166775 -108244
499 1155830 -62074
500 1165795 -242347
501 -50117 -41603
502 1100939 -124328
503 292001 -37657
504 1235101 -169990
505 1046973 565990
506 612087 14308
507 1192188 -121813
508 -101365 -94411
509 771325 547792
510 955500 633026
511 1233783 -173791
512 -161183 41851
513 1141622 -208736
514 251744 260528
515 593720 25809
516 1153412 47414
517 30656 -142741
518 -182133 -135170
519 433868 362194
520 -208155 -125894
521 907478 621374
522 -83954 -62232
523 -211836 -122017
524 1155747 -51752
525 -208882 -125063
526 -58908 101326
527 770233 46391
528 1155627 -26747
529 969188 629498
530 1019926 569701
531 1161392 -238499
532 1107641 500181
533 569345 36900
534 435060 362936
535 503147 37505
536 528751 415680
537 1129951 353105
538 1119155 454901
539 -42119 109692
540 -180566 -134774
541 1129621 -183711
542 246575 -62750
543 1136569 247533
544 -20363 -73879
545 1235977 -167623
546 700733 509360
547 838451 57637
548 356149 -6007
549 486950 392232
550 546960 40660
551 205738 -85993
552 1070194 -58534
553 825585 58672
554 704506 511483
555 753455 538023
556 -35639 -53705
557 1130023 349944
558 1218394 -221683
559 1067668 564215
560 1147220 136238
561 909939 33929
562 1109946 492585
563 357628 319287
564 685704 -2290
565 1076878 -72837
566 843792 587217
567 33008 -144617
568 -78352 -47655
569 1047973 565974
570 1140300 210072
571 -80906 -52477
572 -181887 24584
573 1056885 -31369
574 452349 372655
575 1149548 -222878
576 52898 -153280
577 1165976 -107854
578 696903 1519
579 -147401 -118835
580 339449 308922
581 912052 623585
582 1177573 -118711
583 1022330 568604
584 -227118 -53518
585 444545 25953
586 165776 215868
587 1116675 466820
588 1097809 527153
589 1189967 -121820
590 1157322 -233917
591 -72409 -42225
592 -218001 -113023
593 611749 14434
594 1115626 471496
595 -101635 78812
596 1091280 541074
597 1149450 109181
598 -204421 -128991
599 -156174 -123603
600 1171836 -246239
601 1159139 -91808
602 547975 426309
603 -168757 -130272
604 -218686 -25142
605 -226614 -90109
606 1034026 565606
607 134183 199465
608 1167536 -243553
609 1010791 576660
610 1122425 437129
611 1130691 333372
612 987915 30384
613 417851 353276
614 991464 610577
615 1007044 581478
616 662205 -4654
617 1223424 -205297
618 471595 383424
619 824914 576962
620 885585 610165
621 863379 51398
622 1219465 -119547
623 366446 324333
624 -193590 12620
625 1170447 -245518
626 -224812 -42571
627 1011952 575402
628 -72535 94392
629 1137359 240320
630 325668 -20366
631 998545 28343
632 944882 29898
633 665096 490018
634 1154929 5006
635 -81818 -54624
636 359775 -4362
637 1157408 -83301
638 1124250 424240
639 371291 543
640 4982 -113188
641 -161579 -126541
642 1104007 511137
643 514771 39029
644 59662 -154423
645 23970 142752
646 1069886 -57769
647 5224 133336
648 1203930 -242946
649 638968 959
650 -53653 -39970
651 -8631 -91559
652 1089679 -100495
653 1228934 -121691
654 -80405 -51125
655 57614 159903
656 -199843 5234
657 682642 499553
658 997170 28704
659 901190 618289
660 1097538 527698
661 518058 39439
662 592791 450712
663 1145221 -215391
664 674910 -4446
665 968056 630035
666 1228887 -187978
667 789497 557658
668 -83409 -60600
669 -216186 -116031
670 82293 -152566
671 -15257 -81417
672 400124 11726
673 1225332 -120476
674 1063114 -44025
675 625847 468672
676 764224 43262
677 1130561 337974
678 567338 436917
679 38417 -147980
680 -173309 -132344
681 274558 -46993
682 -85037 -66356
683 1074754 560587
684 1230124 -122309
685 -63842 -39215
686 -227852 -82110
687 801638 564254
688 1085336 550105
689 629882 4617
690 651472 -2810
691 266364 268306
692 1134886 265840
693 826002 577506
694 955970 30289
695 744272 30744
696 10463 -121072
697 1129039 368141
698 -199313 -132449
699 1197474 -121434
700 843387 586923
701 1124736 -173415
702 977166 31228
703 1141776 -209118
704 106481 185024
705 174586 220414
706 170489 -106040
707 948442 633213
708 -137907 -114039
709 -25705 -66017
710 42656 152249
711 1226082 -196196
712 -158756 43615
713 1239828 -156421
714 -228649 -72677
715 1131294 319101
716 -202396 1772
717 123336 193809
718 -110845 -100928
719 1133038 290331
720 924891 628710
721 1128534 -181534
