1 -426801 -238585
2 1272268 -67306
3 1451696 717644
4 1434224 -177996
5 932395 -60336
6 -154925 -62913
7 -167575 -71635
8 848931 423880
9 1470533 -201066
10 1049859 -240614
11 133444 4329
12 1568306 540453
13 968331 803122
14 1001520 528959
15 1218626 135188
16 1035884 537060
17 912336 -28481
18 1003985 -179505
19 1282063 93489
20 -45816 12002
21 -293691 59983
22 1344782 826395
23 -244157 110055
24 1258914 806593
25 1558081 576180
26 526402 646185
27 1378519 635455
28 1280832 95268
29 -324318 -179387
30 1017627 196389
31 1224626 799894
32 391564 595624
33 -84854 -14783
34 1488014 -222764
35 71855 3154
36 963810 -112496
37 209414 470826
38 -203644 149768
39 1225156 -382176
40 1047158 830901
41 418832 87723
42 58597 12124
43 1343325 634840
44 847753 353849
45 90803 584
46 -231376 122680
47 -91673 -19502
48 1179749 821114
49 -93254 -20630
50 1182381 572922
51 1460499 706096
52 1451655 553819
53 1461090 -324749
54 1405965 621632
55 -144424 206410
56 1505689 500754
57 -353175 -199294
58 291330 533665
59 79587 1389
60 1536991 609817
61 845774 759476
62 1234230 129359
63 -44464 324173
64 871519 287253
65 1425975 -370069
66 -392528 -225284
67 1163869 567698
68 815266 66338
69 -129329 -45264
70 134442 4447
71 1395186 -158974
72 -444343 -190483
73 -429414 -157618
74 85599 794
75 1325150 828053
76 1470614 -308881
77 60437 9856
78 52453 43222
79 -101997 245357
80 901957 497317
81 1356173 -141353
82 1323850 828030
83 1153964 -337411
84 1337155 827862
85 -158877 -65682
86 -78430 -10370
87 88802 649
88 1114423 850678
89 65102 6137
90 1492214 -257096
91 290342 532948
92 1255627 118231
93 54805 23060
94 1301309 -407451
95 1314955 -117768
96 923438 -45690
97 1331875 631840
98 316383 43828
99 1409622 618395
100 1027680 -213396
101 -451519 -214812
102 1039342 -228295
103 1469105 528219
104 11072 379851
105 1356139 823193
106 1452105 -188185
107 1210333 581611
108 1133929 850519
109 632450 140159
110 54329 33153
111 1102556 848671
112 33429 55891
113 -281213 72803
114 416748 86786
115 1568575 542258
116 1212741 -375691
117 -29319 23791
118 1074018 -266696
119 512585 641343
120 -327784 19182
121 23348 54715
122 -249602 -128075
123 1233325 129644
124 -441946 -184541
125 966324 213297
126 810587 746960
127 64977 397194
128 -439350 -178594
129 -393671 -85283
130 987402 -151990
131 1220018 800314
132 651055 690067
133 846930 372337
134 1240733 593344
135 1360372 821366
136 125296 413849
137 -65364 283902
138 1289902 819036
139 -411064 -234809
140 694296 120835
141 487705 118529
142 55261 19867
143 733068 105609
144 612483 143811
145 -364481 -32866
146 1281039 610550
147 1001024 528750
148 360976 61809
149 75074 2110
150 -376503 -215103
151 888416 774622
152 1566199 558018
153 920144 -40347
154 21655 54286
155 929091 232050
156 -438022 -237480
157 1467021 -315044
158 1371978 815368
159 862255 302294
160 1300834 823028
161 827186 752851
162 -207699 -99239
163 -21811 29123
164 1054222 185526
165 1089589 -282127
166 1293798 68690
167 606324 674284
168 104446 405084
169 1269296 -57456
170 1046760 830795
171 1465860 -317265
172 1201222 140985
173 840571 49077
174 30033 387983
175 -405307 -232308
176 454158 103741
177 714867 712884
178 1435005 -360210
179 1402416 -389783
180 1086699 175692
181 508361 126991
182 1278811 -81194
183 1434280 741344
184 1125360 -314507
185 939606 -72412
186 375899 587749
187 877300 477483
188 -306347 45860
189 -411252 -120895
190 57259 14301
191 435404 95213
192 159172 8679
193 1320342 627938
194 -16726 362363
195 -42657 14357
196 -29103 349445
197 1381782 -153107
198 1049452 -240221
199 -257234 97125
200 228752 21895
201 846937 389140
202 898579 255421
203 1452015 -337710
204 108897 1100
205 1156074 154799
206 1488869 -271757
207 1561062 520023
208 1138681 159997
209 1245681 802662
210 604037 673544
211 850065 335986
212 1190159 144493
213 52562 42723
214 1500181 655881
215 17975 53121
216 1387263 633007
217 826493 59133
218 219385 19931
219 1424795 -371190
220 62470 7991
221 1197299 806918
222 763901 92546
223 -282590 71479
224 -195544 -90826
225 -450700 -210197
226 14200 51655
227 1483619 676495
228 831250 55915
229 1180590 572391
230 202410 465303
231 1119461 556322
232 1269525 605548
233 1533015 499530
234 1382506 808151
235 177029 446757
236 1312580 826233
237 1267080 -33691
238 949794 220609
239 1483889 -215635
240 -235174 -118122
241 1399117 -160706
242 -336484 7628
243 1163488 -344446
244 -59355 2664
245 49459 48570
246 1520316 631129
247 1172224 828184
248 410615 604358
249 1469809 694157
250 934244 229039
251 847342 406050
252 -384513 -220344
253 155980 8223
254 585548 667020
255 103505 606
256 868238 767469
257 -21122 29735
258 938411 792498
259 -54906 5642
260 39744 55102
261 1483264 513464
262 -387192 -72568
263 -123893 -41568
264 -7153 369731
265 1300153 -106325
266 1266901 -34894
267 54548 26356
268 -382255 -63180
269 1086590 548647
270 1566920 533927
271 948649 796177
272 1376912 635827
273 -8868 38251
274 1214107 800911
275 7159 48232
276 -399262 -229102
277 1490365 668212
278 565585 143292
279 1226233 587490
280 1442681 729889
281 1076680 841318
282 1196979 -366565
283 -115492 -35821
284 472914 112170
285 87800 732
286 51203 46100
287 -270405 83893
288 104844 405191
289 -258709 95699
290 -117256 231388
291 1563872 525173
292 1333072 -410797
293 -73194 -6678
294 1197405 577385
295 1268692 -22861
296 337977 565784
297 -416279 -130885
298 962876 519683
299 1096652 550923
300 1491993 -232996
301 639678 138585
302 217791 19603
303 -90094 256766
304 1443038 -350568
305 1103521 -295285
306 1539377 501742
307 200747 16205
308 1212023 582241
309 470333 111025
310 882948 772727
311 113987 1689
312 342411 53884
313 798499 75747
314 367726 64727
315 72361 2863
316 -328962 -182669
317 1292197 74463
318 401866 79925
319 1445436 -184301
320 1302770 620430
321 -338647 -189339
322 85222 400548
323 -182893 -82204
324 749259 725086
325 -380218 -59544
326 1562743 566959
327 1305531 -110732
328 384798 72226
329 1354695 636639
330 1483671 513071
331 1265455 111002
332 1110729 168410
333 1100363 848233
334 54350 31953
335 -135357 -49469
336 -304780 47788
337 1412882 -381999
338 -147117 -57576
339 677594 699532
340 978813 208314
341 -148948 202031
342 -180916 -80869
343 -233691 -117096
344 -421300 -141174
345 1165023 152055
346 -306529 -167175
347 -405463 -108792
348 984517 -147140
349 1473139 -304536
350 435899 95522
351 1480651 680344
352 1529030 498661
353 189880 14216
354 -440504 -181215
355 728735 107434
356 1265473 809008
357 -372550 -46208
358 1210520 -374530
359 1476350 519945
360 1485720 -280413
361 1312280 826228
362 254803 506224
363 1256334 117844
364 121330 411880
365 -191940 161074
366 880943 274516
367 1073026 179754
368 858936 452359
369 82492 1139
370 1483068 -214449
371 1426073 753103
372 1210593 801649
373 871155 21607
374 983039 206887
375 -102249 -26688
376 1390634 800891
377 -89700 257073
378 -324656 23337
379 651838 135296
380 859353 308144
381 789814 739496
382 1358147 -409159
383 157061 433307
384 1181811 -357028
385 -446450 -195821
386 864361 766101
387 217010 476859
388 -235016 119216
389 265617 29940
390 1256330 805648
391 -264229 -138132
392 1294932 616793
393 1274505 102458
394 1139247 849511
395 1022935 534034
396 -51056 8510
397 984089 524854
398 261319 511138
399 1355971 -141256
400 37534 55663
401 1513625 498792
402 -437904 -175469
403 -417528 -236922
404 -196957 156286
405 958867 -104381
406 -399857 -97593
407 51206 45900
408 1027373 -213002
409 1155379 842092
410 1309790 -114058
411 -421975 -142586
412 1291700 28447
413 671450 129038
414 1370188 -147809
415 746365 100141
416 1272289 -11197
417 -47741 317115
418 1172731 827793
419 909287 501445
420 1455341 -190229
421 49559 48572
422 -104126 -28021
423 -426419 -151565
424 45390 52500
425 1414303 613776
426 299078 38225
427 945760 222539
428 549861 654496
429 1440788 -181582
430 19466 53647
431 1133072 -320874
432 1090509 845560
433 1483706 -285349
434 5671 47506
435 -3927 41637
436 229150 22002
437 506422 639135
438 1431726 589676
439 -15092 33841
440 1490156 508284
441 1487541 -275880
442 -246617 107712
443 1410476 775734
444 -131727 218134
445 1294127 38391
446 -385007 -220652
447 1545203 597758
448 1434508 585024
449 1075850 -268564
450 -449675 -205879
451 1007170 -184350
452 488898 118950
453 -334238 10768
454 457611 622181
455 1389582 631947
456 693188 121316
457 1368493 636880
458 1076282 841211
459 1497735 503815
460 985232 808917
461 -416432 -236703
462 1194365 808867
463 146185 426116
464 1440394 574425
465 -192381 -88671
466 1017944 -199964
467 1229625 799981
468 1391334 -396678
469 1255284 -394952
470 1248966 803519
471 1434174 741642
472 42666 53852
473 421436 608947
474 1273688 103444
475 808699 70124
476 1478876 -295135
477 981998 524318
478 126861 3314
479 -170539 -73687
480 691610 704477
481 -220744 -108269
482 307037 544841
483 966560 520648
484 -34576 342148
485 1442069 730578
486 1469920 527333
487 1112259 -303134
488 -394447 -86697
489 1349068 -410418
490 -294377 59171
491 1286099 -91868
492 1363829 -408060
493 150994 7336
494 1140377 -326847
495 1539039 607052
496 728883 717830
497 549463 654389
498 1451489 718041
499 -315126 -173126
500 1300039 822714
501 1415250 -380158
502 1546330 596177
503 659007 692906
504 1099252 -291359
505 1276695 813605
506 -217510 136224
507 1282143 8677
508 1503047 652131
509 1320724 -121668
510 1063856 836894
511 1288240 20386
512 -1912 373123
513 752212 97542
514 1062405 -254597
515 322255 555408
516 1552613 585786
517 573870 144237
518 1016422 196668
519 1146645 563197
520 1242395 -389976
521 -421712 -237896
522 30530 55841
523 1408527 778500
524 589326 668286
525 55040 21063
526 -449591 -227881
527 -428600 -238616
528 -209842 143859
529 849112 424983
530 1421762 604705
531 769736 732345
532 881036 481149
533 1000137 201385
534 1493741 -241467
535 98807 424
536 -346348 -5945
537 1368778 -147233
538 -37222 18153
539 1521339 498026
540 70247 3626
541 304949 39928
542 1421911 -171610
543 1151423 564481
544 -184074 168813
545 147604 6777
546 -64593 -927
547 1558186 575881
548 919376 238581
549 916426 504970
550 1313183 625513
551 -444175 -234487
552 993071 -161593
553 1556365 514040
554 1167742 -347473
555 997424 202138
556 -447687 -199443
557 -260275 -135463
558 1121813 851308
559 403766 601338
560 241284 495786
561 -400052 -97896
562 -114703 -35207
563 54096 35049
564 1178774 -354981
565 894344 492283
566 1457522 544320
567 1062165 836364
568 369458 584336
569 1511818 499160
570 1510198 643554
571 846920 390140
572 671334 697222
573 -317513 32363
574 92205 509
575 1551055 508847
576 382614 71288
577 1458460 -328796
578 849506 339377
579 953306 -95177
580 1041562 538359
581 1568053 549249
582 942802 -77857
583 1438021 578585
584 1295444 54616
585 1288214 818307
586 1268788 -22660
587 569144 661333
588 885317 6751
589 524059 132966
590 -406498 -232829
591 949134 516243
592 1342751 -134486
593 1266469 -44503
594 60337 9854
595 846350 44577
596 246415 499776
597 -431600 -238668
598 790124 80001
599 1377237 812059
600 1060092 542583
601 28332 55702
602 -141977 -54086
603 1295074 58611
604 885543 268795
605 170639 10679
606 1327095 -125658
607 -443192 -187663
608 64797 6431
609 245392 25486
610 847435 406451
611 594959 145005
612 166052 9899
613 -434532 -168109
614 -246934 -126228
615 1121385 165296
616 1181175 819639
617 -103572 243929
618 357671 577730
619 1416857 610720
620 1403900 -388857
621 1488324 -223359
622 1548392 506700
623 898704 -9616
624 142120 5781
625 -351396 -198062
626 114687 1701
627 95808 372
628 -116861 231695
629 -63115 286842
630 27035 55480
631 -68647 -3598
632 550629 140631
633 -220545 -108165
634 47521 50737
635 10032 49782
636 271192 518511
637 104105 616
638 1564546 526685
639 398294 78263
640 177219 11894
641 1103992 170493
642 1157705 840632
643 960683 215599
644 -417533 -133507
645 193330 458343
646 898296 -9123
647 84295 971
648 1403194 786108
649 771027 732867
650 -448870 -229068
651 1164095 835543
652 -412655 -235337
653 -22235 357066
654 1365890 637035
655 1017 44824
656 80989 1313
657 1235117 800477
658 913298 242976
659 1471750 -202045
660 439420 615762
661 790212 739603
662 892675 261319
663 1246028 123865
664 1445978 563921
665 968545 -120214
666 1291955 615441
667 1069853 544854
668 -276582 -146649
669 853081 323637
670 711886 711732
671 931921 511142
672 1497330 504108
673 -122805 -40849
674 584559 144924
675 1295850 48523
676 1341472 -410750
677 -352208 -14049
678 1494048 663475
679 871414 470880
680 36632 55747
681 505480 125841
682 1167153 568656
683 1052919 540958
684 -375366 -51058
685 1476552 519848
686 1490378 -266529
687 -343422 -1693
688 -392429 -225183
689 1514085 638621
690 874004 18856
691 1246231 123668
692 40347 54912
693 711009 114526
694 808499 746223
695 476001 628603
696 1255330 599399
697 846939 371837
698 127261 3321
699 74269 2396
700 -410482 -119182
701 -436363 -172041
702 853058 439554
703 -163512 188375
704 867502 465810
705 853920 441770
706 1461917 -194515
707 1559695 518099
708 -374624 -213870
709 1525224 625014
710 453065 103322
711 1396851 628074
712 1434517 -360919
713 53968 36647
714 1343560 -134972
715 1526035 498308
716 733554 719511
717 868023 292693
718 886848 4978
719 1239939 593030
720 -222429 131538
721 847618 355847
722 1491292 -261613
723 1317856 627095
724 333572 50329
725 621829 679855
726 -360488 -204322
727 -451702 -215816
728 1117644 -307941
729 2107 45443
730 1035322 191097
731 993185 811657
732 930025 -56377
733 1476836 -206957
734 1292360 30759
735 1566194 558318
736 231611 488416
737 657165 133789
738 1266448 604194
739 53525 39140
740 1408596 -165141
741 1034919 191290
742 1183423 146475
743 1411318 -166394
744 -130941 218948
745 280956 33608
746 -3136 42151
747 -388548 -75092
748 1129733 162641
749 1317150 -409674
750 1493707 -250969
751 1258906 -396189
752 185893 13446
753 262927 29393
754 -442254 -235654
755 1536299 500488
756 1331038 -128089
757 -433905 -238409
758 1425461 753792
759 1069505 180893
760 1028572 824176
761 1329290 630995
762 1326766 -410507
763 1174272 149316
764 -53212 303917
765 -270800 83586
766 -430670 -160140
767 1253344 598565
768 -9265 38044
769 86318 400767
770 -355717 -19311
771 854663 318964
772 943860 514751
773 1309432 -408709
774 1287921 84490
775 15436 381927
776 1144779 847708
777 1279275 814750
778 1388559 -398126
779 1091828 174081
780 -123393 -41559
781 50325 394338
782 713730 113373
783 1425644 -173445
784 1309513 623749
785 449757 619443
786 1276720 -1518
787 -341810 -191494
788 1277157 -78122
789 62573 7793
790 1103126 552436
791 486440 632185
792 1294250 65697
793 1545524 504850
794 54579 24556
795 -423208 -238122
796 1428739 594625
797 11025 50200
798 1129319 558794
799 1384403 -154262
800 54415 28253
801 -77123 269995
802 -399955 -229515
803 1011476 818077
804 1221039 134430
805 -440437 -236622
806 187602 454143
807 225197 483403
808 1276524 -1721
809 1194321 576431
810 352919 574946
811 25041 55145
812 1444109 -348949
813 1461525 704614
814 1290999 -97583
815 -206810 -98624
816 696281 706159
817 -433084 -165083
818 1052210 186191
819 120676 2406
820 58800 11928
821 949288 -88446
822 -75650 271521
823 466459 625236
824 1456804 545307
825 1295236 43611
826 341043 567738
827 1366927 818280
828 543256 139002
829 604567 144673
830 69540 4014
831 530974 647865
832 1567935 550248
833 494294 634923
834 1125514 851272
835 -360492 -26495
836 139628 5337
837 1478366 -208630
838 752241 726139
839 141138 423027
840 1491565 -231403
841 -291405 -156909
842 567057 660597
843 630775 683012
844 99707 440
845 120478 2302
846 1029765 824597
847 1228787 -383913
848 1018751 533060
849 49130 394017
850 1530335 618702
851 1290932 78141
852 -449394 -204774
853 1344023 634953
854 -450745 -224800
855 1111593 554384
856 1373673 -404787
857 889013 488289
858 56950 14796
859 1202142 804502
860 -273816 -144700
861 1562434 567454
862 528632 134546
863 1285750 -404222
864 1504583 501134
865 1554304 511804
866 1270374 -399989
867 1239304 801250
868 1268971 -56061
869 -170990 181343
870 47625 50538
871 1399817 790450
872 621208 142463
873 -451732 -219817
874 856303 35950
875 1399887 626026
876 -368178 -38831
877 1266709 -46799
878 1418174 764466
879 -177776 174723
880 -157807 193875
881 -27839 24917
882 1135592 560404
883 1275501 -401500
884 996780 -167829
885 1089114 845236
886 1287566 18874
887 1450420 555797
888 203936 16861
889 1165310 834664
890 1078521 546806
891 1268948 810469
892 1552202 586378
893 1272101 -11900
894 -451735 -219617
895 246488 25705
896 1493301 -239174
897 1038728 -227506
898 67119 5172
899 -446004 -232819
900 109097 1104
901 1462247 537201
902 1282431 9382
903 42968 53758
904 53409 40038
905 56112 16981
906 830965 754117
907 31528 55958
908 1566637 532922
909 54488 29755
910 1356393 636769
911 1335150 828127
912 1292277 -405708
913 847961 760214
914 1196071 -366081
915 1265660 110705
916 -301190 -163581
917 15391 52176
918 1416942 766245
919 1386361 805017
920 1494342 -247257
921 -448261 -200953
922 1061691 -253809
923 -55822 298771
924 1111229 850323
925 1015689 -196803
926 -447328 -231442
927 67626 4780
928 76879 1842
929 1377846 -403214
930 781245 84447
931 1491169 507501
932 1395117 796169
933 -363355 -206272
934 350751 57430
935 928870 789031
936 1279053 609715
937 1148693 -333403
938 640418 686381
939 1204461 803443
940 -445587 -193706
941 771262 89073
942 974313 -129815
943 1444224 566991
944 956302 798911
945 1295274 -101809
946 -315165 35404
947 1186865 814537
948 1464043 -195978
949 1240078 -389016
950 1541958 502887
951 94706 452
952 861557 456905
953 162994 437211
954 -287453 -154140
955 1147802 846460
956 1450162 -340443
957 1471959 691294
958 1424839 600358
959 1481295 -290492
960 1286576 87067
961 306641 544634
962 32815 389031
963 45290 52498
964 276324 522402
965 1086537 -279179
966 925660 508832
967 974693 805333
968 675272 127804
969 1205446 139659
970 978023 -136051
971 1519036 498186
972 77984 1561
973 919924 785874
974 -451060 -223906
975 67668 397741
976 323638 46455
977 1347997 825551
978 34629 55912
979 -425454 -149547
980 -405752 -109398
981 1188997 812674
982 1273108 -69591
983 1008594 817026
984 386407 593134
985 -88017 -16938
986 905486 249340
987 429979 612297
988 -436413 -237952
989 -14996 34043
990 908592 781876
991 55798 17776
992 324034 556639
993 1463576 535524
994 285338 34685
995 -35050 19791
996 909770 -24726
997 -450889 -210801
998 -39248 334766
999 901435 779350
1000 1225837 587283
1001 1130419 851058
1002 860470 32122
1003 172483 443677
1004 1148435 156966
1005 1283335 -88216
