1 -30944 -286932
2 -407338 -439104
3 39828 228487
4 719232 -95050
5 -103266 -232666
6 -169779 -189460
7 -435226 -568310
8 -187987 -195615
9 1173918 -9698
10 -253249 -236671
11 1172623 49475
12 31752 -191596
13 301040 194835
14 -150031 -186282
15 -10180 145847
16 32632 -194284
17 -289843 -529576
18 -258910 -244879
19 16143 157800
20 -334985 -640398
21 585704 -198712
22 292093 -281352
23 468551 -349750
24 90559 123907
25 241329 205224
26 -390739 -378907
27 1107461 64285
28 -110660 83959
29 -186164 784
30 1135932 -29800
31 -327024 -633714
32 959798 79373
33 -102896 -237069
34 -271379 -266879
35 -103439 -228229
36 24852 219551
37 505192 158838
38 1150525 -23876
39 -53461 -287653
40 213197 -15311
41 700696 124668
42 -357164 -296932
43 -372055 -654753
44 239235 -102514
45 210303 210720
46 254973 -155486
47 32567 170038
48 1150704 58608
49 17977 -149753
50 501359 -333100
51 1026339 68258
52 801038 -94841
53 194954 59355
54 662459 131330
55 -294054 -443499
56 32835 174858
57 1029977 67783
58 -155549 40809
59 199812 37567
60 -383901 -359525
61 1043242 66263
62 54802 99223
63 -322236 -231269
64 365400 -380936
65 31625 181143
66 176471 112350
67 -5581 147978
68 -292449 -316694
69 -98426 -254355
70 30829 -250857
71 465043 165975
72 -199939 -200972
73 -19033 15226
74 1081185 64729
75 1104128 -39469
76 -298109 -402074
77 1115258 63832
78 1132097 -31085
79 30241 186687
80 136510 223804
81 -106188 -210334
82 -420525 -495044
83 234482 -86496
84 296980 -297550
85 367175 183141
86 464803 -351528
87 -429289 -620979
88 -242101 -93155
89 -290883 -177000
90 -279219 -282883
91 -262781 -251146
92 629491 -120520
93 -341995 -644985
94 105227 130556
95 -396801 -398660
96 -412642 -460855
97 565933 -280081
98 596669 -163574
99 3147 53560
100 347645 -379294
101 -331535 -247632
102 83848 229344
103 216231 -25032
104 558041 -292338
105 81102 229367
106 189518 79822
107 899444 89953
108 47550 229036
109 979716 -70444
110 -362253 -653330
111 852896 -93516
112 70861 229288
113 1104501 64372
114 548227 -302903
115 -111452 -197757
116 319304 -356773
117 31028 183373
118 934003 -80129
119 -134257 -185329
120 167361 126585
121 -379647 -348519
122 412857 175152
123 -434032 -611356
124 816244 -94699
125 278203 -234249
126 -289642 -501921
127 254481 -153847
128 403089 -372970
129 -81340 -274088
130 1124606 -33523
131 1111786 -37408
132 202909 24608
133 793721 108476
134 93554 125349
135 -259478 -123027
136 -145688 51686
137 -286295 -299768
138 14768 -272068
139 751701 -94910
140 -297050 -413260
141 505175 158937
142 -233526 -78443
143 1002548 71882
144 160584 132193
145 370196 -380496
146 -286045 -168734
147 25181 205596
148 757048 114905
149 265207 201108
150 -131280 -185514
151 963438 -73720
152 1050484 -53701
153 -249640 -232379
154 339263 -376101
155 144116 136905
156 -50385 -287822
157 460087 -353578
158 -340459 -263828
159 -405710 -645863
160 -138005 -185380
161 -222685 -59878
162 240915 -108006
163 201840 212071
164 -438264 -589662
165 43256 89267
166 1056305 65317
167 24677 -169895
168 384154 180144
169 817774 -94734
170 -365045 -313857
171 236584 -93234
172 -135428 62025
173 546205 -304681
174 -420225 -633800
175 -437269 -601062
176 -397821 -402089
177 944471 -77877
178 -431044 -617937
179 10280 155345
180 930255 84521
181 -292631 -458480
182 1087368 -44049
183 10351 -125509
184 -115785 -191616
185 227595 207676
186 -303130 -601069
187 309285 -335083
188 -111754 -197201
189 -300135 -350848
190 319419 -356854
191 -382071 -654387
192 -300135 -350848
193 -87758 -268213
194 248847 -135141
195 116489 134064
196 587698 -190440
197 1141354 -27727
198 120707 225892
199 51495 229123
200 559864 149388
201 -231892 -75616
202 33338 -244931
203 -120882 -188047
204 1189950 12827
205 -44894 -287869
206 871277 -91798
207 219740 -36293
208 229861 -70658
209 -9187 38286
210 273449 -218231
211 1173495 -10179
212 -268181 -138168
213 1097552 -41339
214 66812 108855
215 -141834 -185548
216 641333 -112238
217 34491 -201369
218 -432791 -556203
219 -195562 -13869
220 140530 137085
221 202909 24608
222 27170 223107
223 357114 184921
224 834573 -94412
225 -83321 105128
226 458106 -354435
227 916422 86956
228 220794 -39966
229 -199939 -200972
230 284132 -254629
231 -86015 103130
232 900300 -87087
233 35412 -204863
234 1188310 8882
235 191448 213995
236 -300630 -366471
237 299800 -307207
238 -104012 -219800
239 1152228 -23169
240 738389 118216
241 -290923 -547638
242 394314 178382
243 -144645 52682
244 537016 -311886
245 -23199 -33131
246 444919 169535
247 -438224 -590467
248 1047581 -54517
249 -227989 -214651
250 -188920 -196084
251 404492 176521
252 131574 136623
253 557114 -293415
254 -316381 -622090
255 -75177 -279094
256 493457 -337235
257 -152314 -186583
258 1040855 66553
259 -160737 -187764
260 -7274 -282962
261 -290439 -483580
262 -432287 -553880
263 183009 97155
264 326418 190272
265 -24859 -19107
266 -59242 -286540
267 192372 69968
268 -7130 -77617
269 -343646 -645987
270 820860 103716
271 -362253 -653330
272 693824 -96078
273 1082303 64723
274 41224 228632
275 -299584 -385072
276 380062 -378858
277 667266 130553
278 -437663 -599405
279 332764 -372068
280 159924 132483
281 787645 109537
282 35825 227578
283 279019 -237151
284 -295089 -184240
285 -7113 41495
286 -281699 -288398
287 179697 104999
288 572400 -264928
289 1178987 -5047
290 -309307 -612109
291 -100778 -249084
292 27873 195510
293 1068869 64893
294 684871 127463
295 566031 -280064
296 -14368 27929
297 867908 95461
298 1722 -279852
299 -183765 4457
300 -20163 11269
301 37512 -220231
302 -33765 134479
303 -21686 140265
304 -81323 -274187
305 127108 136038
306 37136 -215220
307 173282 217392
308 768042 -94872
309 232189 -78675
310 23216 160875
311 -108534 -203945
312 631844 136796
313 3872 -106038
314 1030672 -58819
315 249797 -138223
316 -103653 -224713
317 1190443 14640
318 1158964 56104
319 -437226 -579426
320 -298181 -588824
321 -12741 -63070
322 32557 176433
323 28741 192312
324 1068869 64893
325 -108047 -204976
326 -313225 -215566
327 686548 -96853
328 106469 227748
329 289378 -272286
330 23913 214511
331 194682 60322
332 -68563 -283208
333 711736 -95153
334 719633 121508
335 -386306 -366042
336 -392385 -383970
337 605575 -147280
338 -426017 -626291
339 -168812 -189188
340 301560 -312583
341 868207 -92238
342 -435075 -608900
343 181600 215711
344 -423486 -629704
345 424714 172978
346 14248 -137819
347 246450 204400
348 324968 -364710
349 31040 225922
350 1184723 2157
351 -3406 -87216
352 -298560 -397787
353 -294887 -435320
354 -294066 -573578
355 -292049 -560834
356 1915 151534
357 -383733 -654173
358 545093 151963
359 719633 121508
360 525200 155360
361 -114576 80831
362 507001 -329973
363 -212168 -206479
364 94391 228867
365 1081465 -45699
366 205804 12223
367 37233 -229013
368 26558 -258312
369 413105 -369884
370 -30294 136107
371 932972 84086
372 -271287 -143590
373 -87242 -268833
374 206012 11041
375 341360 -377051
376 -3061 149235
377 584599 145017
378 643175 134733
379 1125361 62973
380 401154 -373514
381 305990 -325612
382 1166442 52853
383 613927 139933
384 -19041 -46919
385 1118960 63571
386 615140 -134728
387 1166442 52853
388 -372976 -654713
389 171253 121788
390 157868 220158
391 523503 155771
392 -412247 -459060
393 30151 -252195
394 -430119 -543140
395 -322317 -231385
396 356537 -380772
397 101525 129090
398 9069 154725
399 -359968 -302909
400 200084 36600
401 1011324 70485
402 -105580 -212055
403 -351878 -649977
404 137604 136975
405 -213396 -207000
406 681742 127926
407 268829 -202393
408 186310 88801
409 -20615 -285619
410 -312760 -617288
411 -416542 -637415
412 16993 -146474
413 423794 -366578
414 423892 -366560
415 268829 -202393
416 -395388 -650846
417 659350 -103273
418 36488 -210968
419 -372479 -331009
420 -402696 -420516
421 244140 -118810
422 -18053 142124
423 228026 -64280
424 764885 -94819
425 310159 -337163
426 -368376 -321451
427 753902 115468
428 899560 89872
429 435890 -362617
430 -241772 -224595
431 729456 -94872
432 577995 146188
433 804310 106586
434 -13830 144087
435 28906 164315
436 702977 -95581
437 -261726 -126977
438 32330 169082
439 -62963 118669
440 304774 -322170
441 26101 202102
442 62247 229191
443 -297208 -585707
444 245379 -122958
445 907848 -85553
446 223799 -50098
447 596010 143069
448 35037 227439
449 1069051 -49005
450 37558 -225097
451 -295593 -428438
452 434939 -362988
453 -292426 -564454
454 -15463 25502
455 24272 209599
456 175162 115166
457 -97355 -256400
458 1032114 -58361
459 -101513 -246065
460 835747 101061
461 -296472 -418845
462 78949 117189
463 -204578 -28964
464 994940 -66947
465 1178068 45663
466 -125045 71674
467 -133406 63803
468 21854 -265031
469 1187839 34591
470 -119526 -188824
471 1159394 -19469
472 1135023 61732
473 -319550 -625999
474 945142 81866
475 -17053 -285092
476 29158 -183220
477 949209 81263
478 965133 78486
479 448507 -358158
480 -324255 -630992
481 191845 71804
482 259524 -170930
483 1191064 25513
484 702260 124436
485 649564 133625
486 -630 49644
487 784500 -94914
488 -376402 -340433
489 -99172 93093
490 -104463 -217240
491 917169 -83706
492 92352 228914
493 -289854 -528359
494 3798 152374
495 -1226 -280981
496 -306636 -607678
497 1182893 41335
498 -304117 -199845
499 -422188 -503461
500 670612 -99765
501 -122044 74234
502 579686 -231962
503 105334 227852
504 1191254 19251
505 1016346 69644
506 -1455 -91949
507 770881 112470
508 977156 -70895
509 -312287 -213978
510 197525 48232
511 -22922 -1300
512 393119 -375743
513 263652 -185129
514 54438 229134
515 -425939 -522501
516 643720 -110802
517 24144 210896
518 36543 -234314
519 -179141 -192227
520 576103 -251379
521 21431 -265512
522 145662 136771
523 -43289 129754
524 1152204 58161
525 -155648 40791
526 24931 -170764
527 -8577 -74013
528 -297717 -335190
529 -332312 -248988
530 -416821 -478042
531 628448 -121517
532 65682 229289
533 21075 -159259
534 225293 -55115
535 -409151 -643626
536 1159625 55814
537 1055169 65422
538 221321 208702
539 597943 -161014
540 215502 -22622
541 45430 228967
542 -301392 -597107
543 -40868 -287666
544 -179060 -192112
545 27170 223107
546 -40572 131045
547 26170 -258990
548 120690 225991
549 -341994 -266637
550 747130 -94903
551 375754 181709
552 -302402 -196903
553 152086 135467
554 -241244 -91684
555 -74810 110995
556 -93590 -261626
557 185065 91831
558 294658 -290140
559 338455 188231
560 178452 108029
561 29346 164698
562 15927 -271153
563 -225603 -213214
564 360435 -380999
565 -102514 -240962
566 1631 -100239
567 -289609 -515928
568 1143451 -26951
569 1129804 62538
570 -159062 -187469
571 -200841 -22517
572 811835 105374
573 541733 152589
574 -413489 -640329
575 -289700 -499291
576 735457 -94931
577 -125006 -186541
578 996159 72990
579 564805 148432
580 305981 193878
581 623792 138118
582 -287882 -304008
583 -23455 -4034
584 181295 101117
585 883636 92649
586 581588 -220863
587 485069 162398
588 -391774 -652341
589 915055 87222
590 331588 -371158
591 -267196 -258931
592 1184022 40112
593 1191347 21603
594 -24790 -17774
595 283963 197815
596 285643 197502
597 -250758 -107984
598 996713 -66634
599 480254 -344132
600 -18520 -48147
601 1093089 64594
602 273808 -219691
603 325466 -365232
604 -127132 -186002
605 -351114 -284594
606 -213657 -44273
607 16699 158101
608 -290720 -544759
609 -417482 -481205
610 153668 135137
611 -299890 -382181
612 81058 118475
613 -24878 138788
614 -332748 -638684
615 -274769 -273569
616 775492 111659
617 520476 -322316
618 350709 -379972
619 21518 70304
620 -73095 112211
621 35847 -237279
622 -437307 -579542
623 446427 -359033
624 589807 -182249
625 27445 197364
626 -74615 -279401
627 -429284 -539236
628 1064590 -50198
629 412039 -370173
630 1160147 -19133
631 1189397 31515
632 1183686 553
633 58284 229203
634 31906 79345
635 -289540 -514595
636 449942 168694
637 314532 -347562
638 282517 -248923
639 579100 -236127
640 -291260 -473165
641 166463 127645
642 7040 -277188
643 -23297 -33149
644 121969 135234
645 926258 -81698
646 30664 225754
647 -293221 -451679
648 25024 206482
649 1013513 -62860
650 24725 219122
651 572017 -266214
652 1143932 60155
653 287288 -265039
654 1179012 44915
655 28516 -181302
656 -63780 118119
657 -348936 -280249
658 264110 -186572
659 1013611 -62842
660 6304 -112920
661 346855 186666
662 736825 118447
663 -427151 -528300
664 208785 -654
665 1187296 6571
666 1167209 -14841
667 486731 162183
668 676173 -98479
669 -290237 -487607
670 111930 132854
671 1167111 -14858
672 8888 -276151
673 -208431 -35330
674 -277064 -153442
675 847373 99049
676 40092 86475
677 67890 109654
678 655468 -104872
679 974274 76746
680 -174825 17101
681 -93558 97535
682 -293376 -319498
683 -291688 -467859
684 -297352 -333806
685 212676 -14083
686 1118819 -35254
687 851401 -93678
688 -144528 -185820
689 27781 75673
690 615042 -134746
691 74099 229351
692 319699 191524
693 1173086 49151
694 34190 -242852
695 851886 98220
696 576637 -248645
697 988518 74282
698 15371 64854
699 -35938 -287406
700 138091 223474
701 834573 -94412
702 23971 215334
703 -300584 -367884
704 -165387 29224
705 950838 -76551
706 -166297 28048
707 390396 -376427
708 582440 -215331
709 172371 120055
710 -225031 -63846
711 -281044 -160237
712 12858 -133393
713 -92658 -262883
714 864861 96040
715 980762 75656
716 179007 106603
717 -26658 -286481
718 1139930 60973
719 212688 -13573
720 -424183 -513459
721 -434924 -567140
722 188574 82295
723 604196 141568
724 23216 160875
725 1179833 -4086
726 889484 -89096
727 -13783 -60614
728 10186 60284
729 154392 220865
730 -52923 124501
731 -216699 -49481
732 967655 -72875
733 -9898 -283627
734 883477 -90155
735 -115020 -192497
736 489007 -339644
737 1095227 64565
738 -250677 -107868
739 604763 -148438
740 21619 -161194
741 882054 92979
742 8637 -119820
743 -352729 -650330
744 -295028 -577911
745 209399 -2983
746 383590 -378135
747 -53021 124484
748 1190462 28352
749 533651 -314104
750 526102 -319091
751 829671 102122
752 -104102 89380
753 -67242 -283787
754 1186420 36880
755 314045 -346531
756 -192485 -8859
757 468386 165447
758 26443 200741
759 29390 189786
760 374367 -379964
761 584370 -205547
762 476899 -345841
763 782872 -94897
764 -407338 -439104
765 -61351 -286100
766 -238493 -221884
767 431399 171923
768 592062 -175455
769 -176447 14784
770 -402203 -418702
771 513756 -326243
