1 153000 -258400
2 284000 285800
3 1546800 593000
4 369300 80800
5 289400 308400
6 1100100 305100
7 357100 -300500
8 685400 441700
9 604900 87300
10 961700 252900
11 438300 197800
12 165600 -268000
13 380600 -390300
14 -238400 35500
15 1248900 555800
16 592900 77500
17 1307600 323700
18 950100 245100
19 894300 236800
20 368800 -405300
21 1466200 495300
22 462600 193300
23 1121900 286100
24 1442600 466400
25 16400 184000
26 121300 -234100
27 367200 74100
28 588000 72400
29 1265600 560500
30 409400 221000
31 925000 233400
32 379300 -363300
33 292700 266200
34 1537000 643100
35 1519600 560300
36 381200 -386500
37 323500 224900
38 91700 -211400
39 223300 -312300
40 345800 196800
41 1056700 326700
42 1448200 621900
43 361700 -310300
44 351000 41000
45 380800 -375200
46 -147300 -28300
47 -198800 4700
48 495000 261600
49 -157600 136200
50 857500 253100
51 412900 351000
52 -251400 53600
53 389400 254400
54 300000 315400
55 367700 149400
56 1558100 620200
57 348400 -281100
58 548100 428200
59 600400 84100
60 423600 206800
61 -255300 67200
62 681300 192200
63 642900 437400
64 1445400 469800
65 97000 87900
66 317000 233200
67 666400 439800
68 435800 -76900
69 313700 -384400
70 36600 -169300
71 1509700 548600
72 410400 354500
73 1131700 282700
74 155900 19100
75 283000 294100
76 489300 -47100
77 339000 312500
78 515800 -27100
79 418000 -86500
80 377500 -115300
81 464900 420100
82 565400 38300
83 1141800 527300
84 432900 -78500
85 372600 -334500
86 394900 244300
87 1312900 574600
88 588300 432200
89 710200 239400
90 494100 205700
91 433700 328100
92 1141100 281300
93 435400 326500
94 378500 -358600
95 1104200 300700
96 -106400 -59700
97 -71900 174600
98 306200 6800
99 170700 10500
100 933700 480600
101 443400 417900
102 1082200 318600
103 440600 417600
104 -139400 -34100
105 743900 448400
106 -175600 -9700
107 -165700 -16000
108 500400 216900
109 992800 492700
110 621600 435300
111 -155500 -22600
112 452200 193700
113 1073600 510700
114 220600 -5300
115 337000 -246300
116 352800 185700
117 1546000 640300
118 1207800 290300
119 1298500 570000
120 202600 -296300
121 459700 303600
122 1406600 422200
123 1206700 544200
124 1111600 292800
125 1417500 610700
126 912000 233200
127 1393300 405600
128 329900 19600
129 304700 -377000
130 326900 220800
131 361700 294700
132 1528800 570700
133 320600 228600
134 1289000 315100
135 -90800 -71700
136 354600 301400
137 -232700 102400
138 9800 -148800
139 310000 318200
140 -102500 -62800
141 1384200 394200
142 -190100 123000
143 973000 488500
144 417900 411900
145 453400 419000
146 289600 271200
147 288700 272800
148 557000 23800
149 355900 -407200
150 208900 -301100
151 447200 -71100
152 155500 19200
153 265500 -345000
154 942700 240600
155 907300 233900
156 1191100 540000
157 -211600 113700
158 -185000 -3800
159 558700 26800
160 1532300 643600
161 247200 -7900
162 937600 237800
163 1337400 342600
164 799800 274800
165 380200 -391900
166 -215000 15700
167 502300 238900
168 -228800 26200
169 1456300 483000
170 263000 -7100
171 1328600 335300
172 373000 108800
173 1057600 326600
174 331400 315900
175 1032400 322900
176 -252400 55700
177 379000 273900
178 142400 28300
179 -255000 73600
180 701200 230100
181 805500 274000
182 1197800 541800
183 362700 -407100
184 567800 42600
185 -84600 168700
186 311100 240800
187 398600 382900
188 110700 64300
189 353700 -293300
190 1264000 305300
191 1543100 587700
192 -98000 162300
193 1556900 614100
194 656600 121100
195 1253500 557100
196 401600 398000
197 380200 -369300
198 49600 158400
199 374700 -400900
200 -111600 155900
201 931100 235000
202 451700 311200
203 556400 429000
204 23100 -159000
205 369700 -404900
206 370800 136500
207 732100 256400
208 401300 372000
209 399700 393000
210 1551200 600700
211 399600 377400
212 218400 -308400
213 1556900 614000
214 549400 10000
215 1498600 639300
216 476100 287000
217 1144100 281100
218 1494100 638100
219 348400 -406000
220 748700 448900
221 1554800 608100
222 337000 -185300
223 336100 313900
224 40500 167700
225 998200 293200
226 1174000 283600
227 527700 -17400
228 1340300 345300
229 898000 235800
230 1454500 480800
231 1558000 625100
232 -8200 191000
233 1167800 282800
234 1249500 301100
235 600300 433300
236 1131000 282800
237 438500 197800
238 70800 132100
239 699800 228400
240 358200 -407400
241 856600 253500
242 785500 275500
243 496800 -41400
244 724600 446100
245 1162500 532500
246 1012300 496800
247 679600 185900
248 482200 -51800
249 839100 463300
250 295000 -368700
251 489700 269900
252 368100 -324000
253 1079500 320200
254 469000 193500
255 -255400 67400
256 1532600 643500
257 -244300 92500
258 333000 -399600
259 619300 94900
260 578400 431100
261 -34500 189200
262 646900 437800
263 424800 414800
264 675900 170100
265 119700 -232900
266 1181500 284500
267 1387500 600000
268 511300 -30500
269 1017300 313600
270 769600 451700
271 411500 408000
272 489800 200900
273 1533300 575900
274 39300 168600
275 288200 -600
276 502900 229800
277 475700 -55900
278 428900 333000
279 -54500 -99500
280 1341000 584000
281 767000 272800
282 1051000 505500
283 -148500 139900
284 303600 -376100
285 686600 206000
286 377000 -350300
287 -248100 47900
288 1513500 553100
289 646800 110000
290 1436800 617700
291 333600 -231700
292 1074300 322500
293 8700 187400
294 999900 295100
295 1195000 287100
296 548500 8400
297 463500 419900
298 404600 -94900
299 277900 -3900
300 323600 318000
301 1476200 632200
302 1221200 293800
303 -220000 109800
304 16100 -153600
305 883700 240000
306 1516700 642700
307 -172900 130000
308 453300 193500
309 485900 197800
310 405600 225700
311 684600 201300
312 292600 900
313 233900 -320800
314 1403600 418400
315 779400 275200
316 811100 458500
317 248900 -332400
318 353000 302700
319 366000 -319500
320 -49800 184900
321 1429000 614900
322 298300 314700
323 375200 -342700
324 238100 -7400
325 1013700 310200
326 -3300 -138700
327 442600 319800
328 364600 66900
329 346900 195300
330 379400 -113700
331 371000 135000
332 763100 450800
333 335900 -190900
334 1344400 585100
335 343900 -268800
336 -72800 174300
337 313400 318500
338 1548200 639100
339 -189600 -900
340 1467500 629000
341 1106400 298300
342 973600 263300
343 332500 -216900
344 -21500 190800
345 459900 193200
346 451200 418700
347 341000 29300
348 -14600 191200
349 -41900 -109100
350 721500 248900
351 1414000 431400
352 -203300 117300
353 -228600 26000
354 1351800 356500
355 -26800 190300
356 398700 388500
357 845200 259600
358 -2600 190400
359 1064600 325600
360 913900 476800
361 1373000 380200
362 171400 -272400
363 333700 212600
364 340600 -403700
365 1487400 522100
366 1424500 444500
367 86700 105800
368 337300 -402200
369 353300 185000
370 362600 293800
371 1550300 637800
372 497400 256800
373 869500 246400
374 484700 276700
375 674200 163100
376 964300 254900
377 416400 213500
378 426800 415400
379 1700 -142500
380 1439900 618900
381 1292900 316800
382 1222500 548500
383 1527200 643500
384 497900 211400
385 1180400 537100
386 291800 267400
387 1004600 495200
388 972100 261800
389 1359200 590100
390 341300 -169900
391 1089800 313400
392 406200 403900
393 361200 59000
394 398700 387700
395 1249200 301100
396 359000 -136400
397 1038200 325000
398 1113500 291200
399 474600 288700
400 1021200 316700
401 1010500 306700
402 287300 276100
403 400000 394200
404 1556600 630200
405 919600 232900
406 782200 453800
407 476900 421200
408 1329300 580000
409 509300 424300
410 -121800 151300
411 1405700 606500
412 283500 288700
413 417500 345000
414 59500 147000
415 -240900 96000
416 336900 -246000
417 368300 -124500
418 893100 472900
419 -222800 21500
420 1354600 588600
421 801200 456900
422 418400 211700
423 1107600 518800
424 1514500 642400
425 88100 103400
426 426700 335100
427 1434600 456700
428 364200 -406900
429 573000 51600
430 372800 104600
431 289300 308300
432 314900 236000
433 501300 245000
434 1536600 579700
435 60100 146100
436 281300 -357100
437 292800 -366800
438 140900 29400
439 445600 195100
440 -253800 59600
441 148100 -254600
442 105600 -222200
443 458900 193300
444 293800 312100
445 461400 -63600
446 953500 484500
447 1086500 315900
448 45500 -176100
449 203500 -2000
450 1554600 607600
451 28100 177100
452 982200 273100
453 434300 416900
454 881100 241000
455 1262500 304900
456 374300 -401400
457 1005900 301700
458 1174900 535700
459 -114000 -54000
460 -246000 90800
461 365800 -127300
462 634200 101700
463 126400 44100
464 340600 -259100
465 645900 109300
466 371200 89400
467 1350000 354600
468 528500 426200
469 370300 285500
470 80300 116600
471 -116900 -51700
472 425000 205700
473 502900 232200
474 283300 290700
475 420300 413100
476 343600 32000
477 359300 173700
478 -78900 -80800
479 376900 -350100
480 1327100 579300
481 -12400 -131600
482 309600 242800
483 408800 406100
484 293500 311900
485 1031700 501100
486 1501900 539200
487 330700 216100
488 -202200 117900
489 451300 -68900
490 1298100 569800
491 104800 73300
492 391700 -103800
493 -176400 128600
494 733300 257100
495 358600 -303800
496 876700 469900
497 136700 -245800
498 1093400 310700
499 -125600 149500
500 364000 162600
501 582300 65400
502 869700 246200
503 -252700 80600
504 631800 100500
505 968400 487600
506 333400 -205500
507 1554000 634400
508 283700 299100
509 315500 -385900
510 279900 -356000
511 180000 -279000
512 -223200 108100
513 333900 -201100
514 1162800 282300
515 451100 311700
516 670500 148200
517 -145800 -29400
518 -140100 143300
519 380400 -371800
520 1459200 625900
521 1477500 632600
522 1210900 291200
523 283100 295500
524 -46900 185900
525 664100 439500
526 490300 201400
527 347800 -155000
528 1022400 499100
529 502600 237000
530 1504900 640800
531 375500 -343600
532 1558100 619600
533 194400 -290100
534 -249700 50400
535 265300 -344900
536 -109100 157200
537 831600 265600
538 133900 -243700
539 758400 269800
540 351500 -406600
541 401100 372600
542 1424700 613300
543 615500 93100
544 498900 253300
545 378400 -395900
546 1489600 524700
547 492100 266300
548 494900 422700
549 727600 446400
550 1322000 331100
551 1395300 408200
552 411900 218300
553 1158400 531500
554 990100 283500
555 169800 11100
556 69300 134400
557 953900 247600
558 1467000 496300
559 344200 -162800
560 340200 -257900
561 -66800 -90100
562 385300 262300
563 -242500 40300
564 384000 265000
565 -84800 168500
566 367700 149700
567 348100 -280200
568 284500 283500
569 627400 435900
570 1275700 309400
571 -96700 163000
572 607900 434100
573 -93700 -69400
574 820200 460100
575 693200 218900
576 75400 -199100
577 706600 444000
578 1126100 523300
579 -38500 188400
580 745600 264100
581 1552600 635800
582 381300 -380900
583 1040300 325600
584 50200 -179700
585 831800 462000
586 -54200 -99700
587 1486200 635600
588 1414000 609400
589 1393500 602100
590 1380900 597700
591 1551800 601800
592 -40400 -110100
593 364400 161200
594 329100 316600
595 813900 271900
596 -235000 100900
597 1120400 286700
598 431500 201200
599 539900 -5000
600 119900 52300
601 402900 229700
602 1522200 643300
603 19700 182400
604 1108000 518900
605 331800 21000
606 286300 278200
607 1088900 514300
608 981600 272400
609 -129000 -42400
610 1498700 535400
611 397200 240000
612 4300 188800
613 1460200 626300
614 1313800 574900
615 1477800 510200
616 913500 476700
617 186900 3300
618 316600 318700
619 -134900 145500
620 471700 193600
621 1029600 321600
622 255500 -7700
623 1090900 514800
624 1232100 551100
625 304700 249200
626 272200 -5300
627 250100 -333300
628 339200 -176600
629 356100 -140600
630 422800 339100
631 1477600 509900
632 -61100 179900
633 -249100 86700
634 372600 120100
635 685900 441800
636 333900 -233200
637 1315900 327800
638 664700 134600
639 567700 430100
640 502600 -37100
641 390800 -104400
642 199700 -1000
643 1527400 643600
644 1538500 642700
645 344400 309300
646 872800 469200
647 467900 295500
648 1047200 326700
649 95200 91400
650 492400 422500
651 494200 205900
652 372500 123000
653 446000 194900
654 658300 123700
655 459800 303400
656 477800 421200
657 415000 348100
658 30700 -164800
659 330300 -397700
660 420400 341600
661 -80800 -79200
662 372100 94900
663 -16300 -128700
664 -193800 1600
665 852300 465500
666 -209500 11800
667 370800 284800
668 1521500 643200
669 721300 248800
670 430700 201600
671 63900 -190200
672 286200 304500
673 -162400 134300
674 -136000 -37000
675 818300 270600
676 1368000 593200
677 1125000 523100
678 -158000 -20900
679 1541000 585000
680 414300 409800
681 1361800 367200
682 -139600 -34000
683 -216400 16700
684 405800 362300
685 1302400 321300
686 677800 177700
687 398700 382600
688 402400 399500
689 1501300 639900
690 30300 175700
691 1557800 626100
692 399600 377600
693 1555900 631500
694 320800 318400
695 285800 304000
696 300000 255500
697 1373600 595100
698 49900 158200
699 409000 356800
700 535100 426800
701 1003400 298900
702 484900 197200
703 373200 -336100
704 -250100 85400
705 353800 45100
706 -125200 -45400
707 1066100 325200
708 539700 -5300
709 324800 -393500
710 1450300 622700
711 351000 -149300
712 1468000 629200
713 -253200 79700
714 672000 153800
715 -169100 -13800
716 990200 283700
717 344300 -405000
718 303700 316800
719 -29200 -118800
720 353000 -291600
721 1282000 565200
722 306300 317400
723 1223300 294400
724 186800 -284200
725 1048600 326800
726 480900 195400
727 -239800 37000
728 322500 -391600
729 1491700 637400
730 130700 39300
731 754900 268400
732 -234400 31300
733 359300 174000
734 -26500 -120800
735 60400 -187500
736 528600 -16700
737 1401000 604800
738 497700 211100
739 500600 247800
740 1235200 297400
741 -254900 74000
742 332600 -219700
743 377900 -396900
744 296300 260900
745 1511000 641900
746 1362600 368100
747 379600 -365300
748 710900 240100
749 215200 -4400
750 -187900 123800
751 -201900 6700
752 1278400 310400
753 340700 203900
754 90700 -210600
755 857900 466500
756 306500 7000
757 577100 58200
758 378000 275600
759 1484300 635000
760 464500 193300
761 -67600 -89400
762 370000 -328100
763 -244100 42400
764 843100 260500
765 363500 -314300
766 -246300 45300
767 1420000 438900
768 237500 -323700
769 403500 366500
770 468700 294600
771 441300 320900
772 513900 424700
773 502200 223100
774 1383100 392800
775 790400 455100
776 932400 480400
777 1524000 565300
778 285300 281100
779 284000 300100
780 381300 -384300
781 475100 194100
782 343800 -268600
783 478100 194600
784 1548000 594800
785 828200 266900
786 1038600 502700
787 502400 224700
788 105900 -222400
789 338300 206900
790 691400 215800
791 1056200 506700
792 1431100 452500
793 1024500 318800
794 378300 -357000
795 391200 250900
796 792400 275500
797 1236100 297700
798 358500 53300
799 -254400 61400
800 1268700 561400
801 317600 12500
802 346700 307800
803 77700 -200800
804 404600 402300
805 666600 138500
806 78200 120300
807 -234100 31000
808 -239400 97200
809 1155900 281600
810 771700 273900
811 114900 58500
812 500700 217800
813 406600 360600
814 1214900 546400
815 404800 -94700
816 316900 12100
817 -222000 20900
818 1072200 323400
819 -207300 10300
820 1187300 285500
821 1097200 307600
822 -179700 -7000
823 419600 -85500
824 300300 255200
825 1070000 509800
826 895300 473300
827 431200 416400
828 705300 443900
829 1151800 281400
830 295600 261700
831 1238100 552800
832 403100 367600
833 986600 491400
834 102100 78100
835 466900 -60600
836 1508100 641400
837 1283700 565700
838 1541500 642000
839 -228200 105400
840 -59200 180700
841 1199000 288100
842 381100 -378100
843 743300 262900
844 231200 -6800
845 -213400 112800
846 184600 4300
847 1144400 527900
848 1373200 380400
849 400200 234500
850 1543400 641300
851 304800 249000
852 950600 484000
853 482500 279600
