1 501588 -22475
2 -1085055 438954
3 -934974 710946
4 -441536 614567
5 -162501 260262
6 -382051 -118296
7 -499112 -62575
8 602533 -29117
9 -887614 -35850
10 -969922 90409
11 740169 -52735
12 -601971 762276
13 -355089 421545
14 -1010774 10783
15 -665981 -64683
16 181890 -178564
17 397075 -179703
18 810673 222483
19 616279 324886
20 879195 161315
21 -1095019 289481
22 504994 -110936
23 -1017861 613665
24 -987164 184416
25 -245595 -181144
26 -778306 789116
27 7911 -178780
28 244523 346651
29 46464 235044
30 830111 67900
31 391004 359794
