1 343678 158730
2 -932042 -467461
3 300545 6379
4 -1180397 -754356
5 -245203 191695
6 -1670287 -475735
7 -1727613 -734590
8 -774381 -277452
9 -1124860 -535363
10 140943 323867
11 -102880 -134499
12 -1320669 -881990
13 -1734151 -853611
14 99682 -66007
15 -1094998 -598011
16 -494098 -124611
17 -717397 -349933
18 -508681 -276756
19 -1260956 -344478
20 -307591 -203881
21 -1412362 -321523
22 -1090496 -563700
23 -641476 -208213
24 -1698397 -889832
25 -975867 -485892
26 -1459990 -1033506
27 -1548776 -381265
28 -1300408 -290940
29 -1581249 -958857
30 -528693 -28068
31 374728 49956
32 -781423 -352586
33 239783 354536
34 -462000 109529
35 -1151810 -426703
36 -36845 267595
37 -529235 -168332
38 -556326 54190
39 -841147 -393517
40 -1188184 -364114
41 293097 290358
42 -1392543 -1001892
