1 -349453 -357252
2 -517288 -472787
3 7628 -132283
4 518050 -9350
5 13205 -403490
6 -2000781 -894297
7 10273 -130490
8 -1202645 -894414
9 240819 -335506
10 -1293910 -816065
11 -1631367 -766326
12 199860 -20353
13 554527 106001
14 472847 114493
15 -677980 -530991
16 -1670171 -840105
17 -649241 -571027
18 -1856138 -826284
19 -1451084 -756520
20 350328 54882
21 -832128 -710103
22 -1001574 -688968
23 -185099 -262888
24 408613 -208232
25 -451365 -508602
26 -1485222 -853974
27 -1831680 -924381
28 -408626 -463833
29 -1029672 -785431
30 -1975996 -974277
31 -179370 -368953
32 -1135809 -790044
33 -325980 -441063
34 -856339 -681201
35 -1380720 -902329
36 -387980 -416430
37 -802435 -585313
