1 1041235 2840
2 785471 -346498
3 -230913 99501
4 -215863 29584
5 737688 96303
6 -88519 93567
7 1048032 63214
8 -239512 -410709
9 353758 -78601
10 -107993 20843
11 179359 21472
12 410395 -382410
13 -261907 64398
14 -378545 -406458
15 345522 -464524
16 -228705 -307569
17 68321 -314607
18 546413 -440698
19 1021972 101728
20 965297 -195130
21 249831 -412031
22 486355 -210854
23 140512 96662
24 -363236 -266038
25 918521 -145032
26 -42349 -411928
27 1042845 -54738
28 -422991 -342871
29 58330 63174
30 -97985 -277188
31 536518 94781
32 500895 -157314
33 143447 -414346
34 953272 -88585
35 451396 -281417
36 359812 97616
37 949082 -255132
38 911659 100177
