1 -1675400 -510999
2 -820900 -769599
3 57500 210500
4 -1071500 192000
5 -141699 222800
6 -596600 38400
7 -1733400 -302699
8 168399 -439700
9 -427900 -768900
10 144500 107500
11 -24600 -772600
12 -935200 26500
13 -1351700 346100
14 -1426000 179500
15 -1573300 -187899
16 -1774900 -463299
17 -1443100 -55799
18 -1429100 327400
19 165899 -661300
20 -1464500 -623399
21 -109099 359400
22 -146000 94600
23 165400 -136300
24 -327700 49000
25 -1190400 -726799
26 -197299 337200
27 118199 -753200
28 -1275400 366700
29 -1064200 45000
30 -1163300 364100
