1 -375464 -4706
2 -1327013 452863
3 358741 151212
4 -1243134 42341
5 -1026448 -111090
6 -493477 752936
7 -950190 275406
8 -1169318 636278
9 -567792 517099
10 -1075079 121054
11 -324383 655778
12 -1036484 -15682
13 -836422 415862
14 -578744 713236
15 -1001650 663046
16 -19315 -229113
17 402057 220265
18 -59034 521457
19 -730470 553744
20 -524723 593248
21 108267 -183433
22 -114598 -179708
23 287804 363065
24 112908 -124335
25 -1142156 -61298
26 -959984 -31522
27 -454120 253405
28 -1299692 275108
29 -220446 -105657
30 151502 -6016
31 -194383 580669
32 -606842 472009
33 -1095073 31701
34 -500633 542358
35 95227 -73621
36 -600021 611932
37 -1290572 578412
38 -953551 -92534
39 -694119 727718
40 121251 441900
41 378992 299108
42 249255 77245
43 -455724 115966
44 -396628 744611
45 -821440 694555
46 -544724 386624
