1 -1153220 -190565
2 -525592 -76296
3 -848810 133784
4 -344007 -147997
5 -90368 39597
6 -657538 6858
7 -746563 76508
8 -816708 167442
9 -37123 5020
10 -461175 -54730
11 -1094954 -227900
12 -1106763 -258093
13 -125935 39244
14 -189787 -124875
15 -1073529 -100267
16 -117945 2687
17 -1130805 -247204
18 -124804 92843
19 -338845 42850
20 -1097146 -156270
21 -366988 -47093
22 -1152584 -228254
23 -1009748 73680
24 -931401 89236
25 -733199 108399
26 -614122 -21283
27 -969514 7424
28 -611293 27647
29 -131875 -25950
30 -1122744 -99136
31 -243456 79125
32 -1022122 59891
33 -79125 -46315
34 -1023254 -69225
35 -888196 174160
