1 -323690 443473
2 150807 50173
3 -1203598 686060
4 -223728 17593
5 -1477846 733460
6 -1459302 684413
7 -817959 613636
8 -418340 59911
9 -1013215 662412
10 36642 64440
11 -1031781 426630
12 -210166 410746
13 -1152151 532536
14 297671 125094
15 -388055 499215
16 -1285356 620691
17 222070 255557
18 -362010 87042
19 -66644 48686
20 76182 339243
21 -944688 260269
22 -622649 61629
23 336044 253284
24 -1014427 337216
25 370848 217563
26 -799066 149883
27 -30995 368143
28 -1513832 722014
29 -1375411 700966
30 -579866 549784
31 -485610 17532
