1 -1496283 474897
2 -1520512 554488
3 -459878 149487
4 99208 -131152
5 -678013 225264
6 -511985 -131522
7 377576 -116334
8 -574102 204441
9 -106952 138204
10 -97553 -131000
11 202318 -129057
12 -1569765 602277
13 -1195712 760279
14 -842487 -88564
15 -1613347 722938
16 -296788 -131266
17 469899 132960
18 -1668350 850229
19 -814179 -124132
20 -1428360 94369
21 574056 72608
22 -1357602 983720
23 -1615064 947945
24 -295536 138971
25 284493 136414
26 -1005341 -130618
27 -1079529 612945
28 -1162751 -131641
29 -723534 -132163
30 -1471521 296275
31 -797015 339427
32 -894098 -101010
33 -945028 482270
34 -1331368 -55045
35 -1483462 974315
36 -1283832 890896
37 528586 -53634
38 79132 137319
