1 115220 87021
2 -383107 828076
3 -667480 775870
4 135232 532378
5 -623644 848552
6 -447528 252379
7 178524 259715
8 -74254 69669
9 -252797 698137
10 -479839 424212
11 71843 26081
12 171790 116213
13 111624 -98491
14 -492514 850495
15 189824 412400
16 -718667 -89094
17 -94267 -103902
18 -648943 -114004
19 -32929 21974
20 -298157 32828
21 -594341 8699
22 -19320 -105632
23 -501001 589603
24 -292213 99953
25 -265357 -105827
26 -346844 763079
27 -691417 -37249
28 -1304 105165
29 -156246 725110
30 150105 -28606
31 -2709 598605
32 -450120 -108259
33 -435492 18368
34 -579691 694583
35 -385816 147252
36 -66615 708679
