1 294602 3992
2 326309 -171367
3 -80235 -270070
4 504033 -179351
5 204419 405481
6 196243 -53276
7 114897 579395
8 704784 -104872
9 608692 324421
10 -256838 -205462
11 705786 -234059
12 548008 -274680
13 203174 515748
14 159762 -163249
15 -74237 236007
16 599174 -115103
17 466548 321460
18 138904 -271564
19 -588421 -266400
20 235233 161544
21 -201867 -101535
22 -143613 52246
23 -640 430859
24 106671 502465
25 354163 -273159
26 291581 312391
27 157293 458501
28 375343 427787
29 -504480 -267137
30 81596 435760
31 565279 400785
32 653933 377194
33 -404507 -210320
34 -299376 -268577
35 101148 -66043
36 598351 -182653
37 -545423 -223140
