1 139200 30600
2 116800 539900
3 836900 175000
4 744100 217400
5 382200 291500
6 38900 347900
7 544600 322900
8 154400 180600
9 507700 256400
10 160500 -100600
11 553600 69000
12 702000 362900
13 650700 260100
14 698500 153500
15 215500 570400
16 85600 -160700
17 -49200 -126400
18 157800 654800
19 848400 323900
20 129500 346300
21 221500 157300
22 -23400 186200
23 234900 298100
24 128100 263000
25 219700 657900
26 46700 367800
27 69600 290300
28 763400 36600
29 595300 130200
30 -92200 12600
31 119800 137400
32 640500 12700
33 340300 205400
34 178200 429600
