1 -1485000 -991500
2 -1165500 -319900
3 -339100 -169300
4 -832200 -789600
5 312900 -156100
6 -933500 -152800
7 -821600 -540700
8 -1050500 -993900
9 -1026400 -183800
10 -33700 -428700
11 47000 -115300
12 -1372600 -1024700
13 -114800 -158900
14 250400 -34200
15 -1456800 -1039500
16 90400 -303300
17 -295500 -550200
18 307700 -92600
19 -835000 -923300
20 -645500 -543700
21 -535000 -135100
22 172700 -62600
23 -242500 -545200
24 -1320700 -831000
25 225600 -199100
26 -754100 -542300
27 -865200 -635500
28 -1067500 -251500
29 -896100 -1003600
30 -1230400 -1003500
31 -1395100 -894600
32 -1272800 -593500
33 -1218000 -447800
34 -146900 -160200
35 -498500 -540700
36 -148400 -497600
37 -760100 -127600
38 -343300 -527800
39 -1311300 -753000
