1 -561534 -40321
2 -653413 169499
3 -339603 154642
4 -6833 628344
5 -831310 -5615
6 -122583 152114
7 -785356 -40733
8 40187 170106
9 -343702 -40319
10 34585 284680
11 -795643 328332
12 346103 34599
13 -340949 221836
14 -133009 -42167
15 312016 -35132
16 247288 202353
17 46412 -45407
18 -504792 157178
19 -564405 606371
20 -275665 223415
21 -733742 699018
22 -437204 493942
23 -813867 171100
24 -69233 -43242
25 -794235 41606
26 -274561 277787
27 -135277 383812
28 151503 360707
29 -89597 660275
30 -489180 248779
31 -165809 538941
32 57321 519016
33 198017 -48618
34 -652760 709551
35 -640365 231392
36 -763847 523861
37 -398940 358095
