1 1025094 567522
2 1173354 -115967
3 1123201 -170452
4 376284 2687
5 863379 51398
6 396627 341317
7 916118 625303
8 -182133 -135170
9 214938 -80792
10 1063408 -44429
11 -95928 81845
12 765214 544465
13 528234 40405
14 56665 159338
15 -207237 -4834
16 1225332 -120476
17 631213 3977
18 1131294 319101
19 987356 30473
20 1147220 136238
21 574942 441082
22 15995 -128177
23 87058 -150959
24 1155655 -44650
25 -110845 -100928
26 1237965 -161853
27 1163406 -240250
28 1211631 -235002
29 740551 28040
30 -224566 -97521
31 986342 617116
32 -43267 -46268
33 1117857 461621
34 -95847 81904
35 1085336 550105
36 -81818 -54624
37 216945 242414
