1 -102249 -26688
2 52562 42723
3 85599 794
4 1256334 117844
5 49130 394017
6 1567935 550248
7 846937 389140
8 1111593 554384
9 929091 232050
10 1181811 -357028
11 931921 511142
12 1111229 850323
13 1526035 498308
14 -376503 -215103
15 -89700 257073
16 60337 9854
17 752241 726139
18 -15092 33841
19 1266448 604194
20 375899 587749
21 632450 140159
22 435899 95522
23 1491565 -231403
24 948649 796177
25 -222429 131538
26 134442 4447
27 942802 -77857
28 -122805 -40849
29 1399117 -160706
30 -410482 -119182
31 1378519 635455
32 217010 476859
33 -438022 -237480
34 1494048 663475
35 28332 55702
36 1403194 786108
37 815266 66338
38 -336484 7628
39 -446450 -195821
40 567057 660597
41 1458460 -328796
42 1300039 822714
43 1341472 -410750
44 1456804 545307
45 1103992 170493
46 262927 29393
47 1283335 -88216
48 1197299 806918
49 -246934 -126228
50 1049452 -240221
51 1288240 20386
