1 -141834 -185548
2 -343646 -645987
3 1104501 64372
4 -299584 -385072
5 1030672 -58819
6 309285 -335083
7 676173 -98479
8 -50385 -287822
9 -62963 118669
10 1184022 40112
11 23216 160875
12 -259478 -123027
13 804310 106586
14 -249640 -232379
15 -434032 -611356
16 -351114 -284594
17 160584 132193
18 493457 -337235
19 212676 -14083
20 1160147 -19133
21 21075 -159259
22 623792 138118
23 852896 -93516
24 197525 48232
25 965133 78486
26 -416821 -478042
27 66812 108855
28 30151 -252195
29 227595 207676
30 259524 -170930
31 24144 210896
32 70861 229288
33 383590 -378135
34 581588 -220863
35 -24859 -19107
36 -290720 -544759
37 -103266 -232666
38 -166297 28048
39 431399 171923
