1 1235200 297400
2 279900 -356000
3 631800 100500
4 -84600 168700
5 121300 -234100
6 -139600 -34000
7 320800 318400
8 1362600 368100
9 284000 285800
10 -252400 55700
11 1174900 535700
12 1329300 580000
13 -213400 112800
14 515800 -27100
15 39300 168600
16 701200 230100
17 1459200 625900
18 377500 -115300
19 -16300 -128700
20 1554800 608100
21 323500 224900
22 1038200 325000
23 459900 193200
24 1477600 509900
25 434300 416900
26 377000 -350300
27 992800 492700
28 801200 456900
29 953900 247600
30 394900 244300
31 828200 266900
32 600300 433300
33 -198800 4700
34 364200 -406900
35 130700 39300
36 1113500 291200
37 288200 -600
38 1527400 643600
39 451100 311700
40 502900 229800
41 399600 377400
42 340200 -257900
43 373000 108800
