1 -1099434 368766
2 -1094064 400922
3 -990679 -8874
4 -286052 -181428
5 -269347 321816
6 243056 -178995
7 850264 100151
8 511718 359314
9 462207 -167686
10 -615722 -66056
11 854979 192007
12 -999569 677066
13 831996 208320
14 616279 324886
15 339439 -179616
16 434601 -177246
17 -93942 -179690
18 814259 43000
19 -1053736 523414
20 -719951 -61195
21 -778306 789116
22 -898566 722333
23 789292 2347
24 -245595 -181144
25 -1085055 438954
26 -956506 137841
27 -601971 762276
28 29057 -178795
29 -499112 -62575
30 -834117 -46190
31 -1006937 44238
32 -990728 65313
33 -37712 -179327
34 -724691 797657
35 503173 -73493
36 -816078 772520
37 -1067502 249326
38 -418372 568123
39 -422616 -80176
40 108317 241532
41 879195 161315
42 450114 363077
43 -382051 -118296
44 -55387 234276
45 -1045434 229210
46 272830 351744
47 300971 -179369
48 702783 280944
49 658981 303844
50 -572153 -65826
51 557202 -12837
52 176615 284965
53 -934974 710946
54 -456121 -67073
55 -218133 286056
56 361479 357835
57 -1006577 652365
58 712148 -57692
59 873750 141043
60 -987164 184416
61 870586 178580
62 -549451 728332
63 72556 -178494
64 -634295 778187
65 -355089 421545
66 -963505 158190
67 -934745 -25480
68 -1014209 24704
69 501588 -22475
70 -1017861 613665
71 181890 -178564
72 -958332 114252
73 810673 222483
74 -441536 614567
75 830111 67900
76 -536908 -64319
77 -1075033 470179
78 -114617 244363
79 535850 -8433
80 -976151 701905
81 319060 354544
82 -504423 690630
83 769698 245193
84 -369140 459272
85 504994 -110936
86 397075 -179703
87 -887614 -35850
88 861926 120032
89 46464 235044
90 -366946 -144302
91 -161492 -180278
92 -1449 232981
93 499217 -57016
94 -1038225 561192
95 -1095019 289481
96 -388151 504583
97 -330584 -176054
98 568398 344958
99 -679237 792479
100 136210 -178191
101 -969922 90409
102 771242 -26899
103 -1010774 10783
104 513402 -10093
105 -400072 -97330
106 148645 254619
107 -469345 650131
108 -1102739 321228
109 -969888 -17016
110 497695 -42916
111 633731 -40694
112 -162501 260262
113 244523 346651
114 740169 -52735
115 -777692 -54954
116 7911 -178780
117 -1011511 203582
118 -665981 -64683
119 391004 359794
120 -851458 751143
121 668189 -51903
122 491175 -144995
123 -319037 367945
124 602533 -29117
