1 85000 358051
2 -94346 -28302
3 -305240 471976
4 -5414 51961
5 -780277 108090
6 -771225 369521
7 -105099 -152480
8 144668 -43733
9 -809411 193719
10 -88726 -94211
11 -138817 255955
12 -755973 328248
13 -26959 194454
14 -222210 133926
15 -17733 410047
16 -143089 -201349
17 -21812 304284
18 210642 133420
19 -707596 47454
20 -158864 400685
21 -373579 -116473
22 -167400 274912
23 -168029 308987
24 -141257 346439
25 -39838 118471
26 -333871 363253
27 -694098 454850
28 83108 306825
29 -194670 -204494
30 60472 256123
31 61982 -10925
32 -86811 268312
33 -348769 292198
34 -609289 -840
35 -287202 -160290
36 -130664 372711
37 -149780 55759
38 -213392 410129
39 -285400 401307
40 103677 -43710
41 -784307 403688
42 42425 319358
43 -762976 437185
44 -106742 443893
45 -597209 461450
46 204188 53516
47 179412 -3886
48 -485679 -60442
49 141810 311727
50 -217299 466779
51 85424 279241
52 -398381 470509
53 -785330 274784
54 19410 235612
55 -454950 468425
56 -303360 217730
57 191658 231204
