1 -1155750 -410174
2 -410087 129439
3 -749551 -262230
4 -1656501 -447718
5 -1320669 -881990
6 -205582 206342
7 -577443 -184431
8 -1714488 -594985
9 -1090496 -563700
10 92849 -68353
11 -519647 87215
12 -790890 -300119
13 -1112555 -562344
14 29568 -91172
15 99682 -66007
16 147443 -48883
17 -79352 253300
18 -462000 109529
19 -1405368 -1023050
20 323538 13285
21 361398 30627
22 -498417 -109565
23 140943 323867
24 -138076 231443
25 -1732398 -866020
26 -788342 -320280
27 -1221989 -793233
28 -1124860 -535363
29 -1725910 -874070
30 -774381 -277452
31 -1363810 -950426
32 -1233492 -353528
33 -1581249 -958857
34 -1135702 -491936
35 -1670287 -475735
36 -462543 -260048
37 -687523 -230834
38 -1609945 -940831
39 278383 328680
40 -975867 -485892
41 221799 349571
42 107954 313479
43 -1502187 -359774
44 -781423 -352586
45 -1514333 -1000416
46 -826215 -395200
47 239783 354536
48 -245203 191695
49 -513100 -162368
50 -1094998 -598011
51 -879081 -431383
52 371577 83467
53 -1731886 -829496
54 -1257391 -821018
55 -1283015 -841805
56 -1144703 -455414
57 270385 346123
58 -1284777 -292661
59 -1378972 -977970
60 374728 49956
61 375775 66124
62 -1160596 -389893
63 -1696729 -548451
64 -508681 -276756
65 -1260956 -344478
66 -1392543 -1001892
67 -1180397 -754356
68 -1669349 -906875
69 -1638914 -924192
70 -1300408 -290940
71 330804 192050
72 -619513 -199951
73 -1618498 -416164
74 -1548776 -381265
75 -494805 96928
76 -780985 -338490
77 -1037330 -527533
78 -1188184 -364114
79 302269 266645
80 256081 355985
81 -1698397 -889832
82 -1728270 -804451
83 -535547 -2174
84 -1545425 -982264
85 -790482 -363026
86 -1317474 -291748
87 -662025 -330905
88 -307591 -203881
89 213478 -25107
90 -146768 -148422
91 -541533 -288353
92 172287 333440
93 -1482561 -1020907
94 -1412362 -321523
95 -1205777 -357784
96 -641476 -208213
97 -717397 -349933
98 -717803 -246871
99 346074 21016
100 -1433609 -1040296
101 -1344938 -917068
102 -515719 -65198
103 -1170512 -372750
104 -1151810 -426703
105 -815697 -377927
106 315806 230688
107 -1710740 -882676
108 -1137308 -713655
109 256326 -10028
110 -868300 -412922
111 -972963 -495458
112 -260429 -186726
113 -1130120 -515360
114 -1246475 -350945
115 293097 290358
116 -1459990 -1033506
117 -494098 -124611
118 -1099262 -566645
119 -1734151 -853611
120 -1351709 -299166
121 -781041 -372033
122 -339265 156670
123 -1069063 -561719
124 -1120258 -548822
125 -841147 -393517
126 -29371 -111415
127 -528693 -28068
128 64580 299831
129 -1064047 -546260
130 -505595 -89862
131 -1452056 -337567
132 -1113836 -661312
133 206206 344379
134 -348831 -218843
135 -1580786 -397813
136 -1728362 -672466
137 -1389911 -313487
138 -551981 39642
139 -551628 -175270
140 -492650 -137104
141 -1103984 -626180
142 360570 112283
143 -545093 23960
144 -36845 267595
145 -901413 -435220
146 -556326 54190
147 -220624 -172389
148 -1726421 -774908
149 -1019387 -527171
150 -1727613 -734590
151 -934535 -457717
152 -529235 -168332
153 -289217 175376
154 343678 158730
155 -1271623 -307269
156 -1475548 -348253
157 -932042 -467461
158 300545 6379
159 -498901 -153199
160 -801571 -370156
161 20891 285898
162 -1271119 -328224
163 -414566 -242635
164 -1015227 -512769
165 -549818 71373
166 -1417422 -1035236
167 -595102 -307375
168 -102880 -134499
