1 -1451084 -756520
2 -92969 -200445
3 370848 -250216
4 554527 106001
5 7628 -132283
6 75539 -400110
7 -724728 -549345
8 -1328501 -786042
9 -1590835 -760240
10 -1897159 -839089
11 -213059 -370653
12 176988 -368014
13 -1403691 -753980
14 -1509388 -754568
15 -1975996 -974277
16 -128952 -376891
17 -1945557 -858267
18 -706432 -611567
19 -487332 -469337
20 -381877 -430574
21 281548 20316
22 -1785426 -804840
23 -2012692 -935811
24 240819 -335506
25 497501 -56728
26 -1029672 -785431
27 -1977873 -874569
28 -2000781 -894297
29 -374566 -374335
30 319007 39137
31 -1046570 -697816
32 -1091648 -721629
33 156142 -42178
34 408613 -208232
35 -451365 -508602
36 -1831680 -924381
37 -1716211 -850966
38 -517288 -472787
39 -1286334 -917135
40 -1202645 -894414
41 -1939763 -977404
42 -802435 -585313
43 99028 -74351
44 -893335 -696918
45 -1807265 -899537
46 -140745 -232866
47 -303258 -409426
48 -1485222 -853974
49 -2009863 -911196
50 -391659 -403331
51 -179370 -368953
52 -649241 -571027
53 -1259452 -826128
54 -1628065 -837440
55 -1322208 -921235
56 -1124274 -766865
57 13205 -403490
58 116145 -391016
59 -856339 -681201
60 -1398960 -867198
61 -752263 -559611
62 -808053 -609902
63 -340596 -466350
64 -38666 -163614
65 -1548679 -755295
66 -1768588 -871961
67 -1156913 -873221
68 -459319 -468433
69 -76814 -388833
70 -1250531 -909033
71 -1738947 -791191
72 -349453 -357252
73 199860 -20353
74 -1001574 -688968
75 -367268 -492478
76 -319659 -340342
77 -832128 -710103
78 -1364742 -757667
79 -391621 -458459
80 549919 66616
81 500698 127208
82 -286856 -321857
83 -592271 -497357
84 -796851 -690795
85 -619229 -555815
86 297495 -304061
87 -1856138 -826284
88 -1873999 -957194
89 -564548 -534143
90 -965489 -696048
91 -1670171 -840105
92 -677980 -530991
93 -756231 -659849
94 -499440 -516260
95 -890982 -733228
96 538624 39992
97 -236973 -294167
98 527475 128937
99 -635647 -514355
100 414329 85886
101 -1293910 -816065
102 386405 72637
103 -1905294 -970150
104 -1686138 -776890
105 -983697 -762734
106 350328 54882
107 -2002737 -957137
108 -788870 -572758
109 -1568963 -844656
110 -1182148 -814172
111 -814933 -635631
112 -430238 -466851
113 472847 114493
114 -23560 -399465
115 518050 -9350
116 -387980 -416430
117 542192 121992
118 441726 -159576
119 -260969 -384763
120 -1135809 -790044
121 -1452332 -851545
122 -1067912 -810218
123 52686 -103013
124 -835907 -665183
125 -1631367 -766326
126 -932002 -745207
127 -386434 -386672
128 -935879 -701961
129 557356 91350
130 237125 -1993
131 -1380720 -902329
132 -185099 -262888
133 -395626 -502332
134 -408626 -463833
135 -551103 -481836
136 -1421192 -853263
137 -1221469 -823460
138 471834 -105898
139 -381888 -447891
140 -325980 -441063
141 10273 -130490
142 -1524366 -852397
143 -1122823 -851220
144 448367 102308
145 335977 -279419
