1 -239015 -131728
2 161124 -128948
3 -307962 216618
4 -776596 118443
5 -782753 -38057
6 -948923 125650
7 -482284 -128382
8 224087 -128957
9 -660470 -18145
10 396216 -67374
11 -642191 -135526
12 -183647 234870
13 362523 -108213
14 -774859 -68941
15 -361565 132444
16 -526334 138478
17 -464922 -52481
18 -234351 246298
19 304855 213952
20 204191 1562
21 250759 95834
22 -912634 209311
23 -69342 163512
24 -5445 -129688
25 381211 172204
26 -163232 -131282
27 44578 97152
28 -14086 129285
29 -334736 179080
30 346121 199615
31 55249 -129143
32 -860356 10750
33 -428898 -2378
34 112778 59884
35 -119858 195214
36 -275862 235675
37 -738192 126690
38 406414 49303
39 -698304 -135599
40 -695017 125754
41 -674507 269517
42 144801 167007
43 169585 25472
44 -389191 93279
45 -439519 -36700
46 174612 136526
47 -914455 44298
48 279089 -129010
49 -489450 230038
50 405485 94248
51 270165 5178
52 -564771 -130440
53 -735469 -128495
54 -573662 121574
55 -399283 -129687
56 -941317 169938
57 153952 224341
58 140541 204781
59 -82812 -130448
60 -522637 -54310
61 -939601 82101
62 -593333 270842
63 -325710 -130795
64 274742 62760
65 -765819 46030
66 194036 240833
67 -816148 -8115
68 -486193 198766
69 -793586 101090
70 406564 -11886
71 -506670 253433
72 -745051 266512
73 -550309 268854
74 280115 29882
75 77192 -128963
76 -798551 260028
77 -767561 -100926
78 -702376 9846
79 245752 232804
80 -864096 239043
81 398087 138688
82 216593 117048
83 -791557 71526
84 -498305 167292
85 243470 -11919
86 -596873 -46121
87 -629406 122218
88 322153 -125368
89 -422940 40958
