1 73673 558851
2 -620797 9568
3 382340 689142
4 -759983 662741
5 430545 525905
6 -779974 491572
7 285210 -144488
8 -291691 626803
9 410938 635331
10 -239428 393744
11 -465795 698843
12 356984 124431
13 -792790 639652
14 -758049 427168
15 135565 699591
16 217744 742649
17 -523368 142843
18 -237279 320065
19 -210575 499632
20 -594500 189018
21 -629848 660923
22 -147455 310292
23 -511759 110569
24 -520446 73651
25 43243 -144136
26 -486274 488841
27 -718631 312020
28 218735 -144571
29 -16957 -144038
30 292237 359722
31 -399078 781456
32 -249056 346259
33 -367949 -145451
34 -503657 434792
35 -470098 -146568
36 386856 -145722
37 342710 -144919
38 14261 435373
39 -603499 592123
40 408460 493899
41 -577074 504072
42 -456618 740976
43 -579033 31694
44 474789 -66294
45 -334349 727854
46 110047 651080
47 -547477 440102
48 -480979 528096
49 471964 -99029
50 -644410 215312
51 -590809 545299
52 259890 291672
53 270315 329455
54 439366 564920
55 -710211 -63664
56 -430257 771412
57 323273 396942
58 -737108 365938
59 -701089 -116513
60 360734 439977
61 94983 -144232
62 263305 744605
63 -524851 425845
64 -225580 549911
65 319366 175582
66 -613373 628352
67 -690496 -31603
68 -666998 679915
69 -711009 -92949
70 -800467 551753
71 -628651 -146719
72 461840 -33962
73 -99137 -143990
74 -673815 -137234
75 -475930 581550
76 -654852 -8141
77 171767 728803
78 -88534 338000
79 -354511 766356
80 429437 17727
81 -235487 -144101
82 288010 219260
83 -550731 165671
84 -687112 250073
85 -562293 465351
86 159516 -144559
87 93102 606278
88 -165068 -143917
89 358195 719219
90 -315101 668935
91 -52834 362802
92 -561242 -148869
93 -491296 459154
94 -299299 -144744
95 -221733 446706
96 315079 740031
97 -721135 676309
98 268172 254839
99 430878 594779
100 430578 -139658
101 391697 74433
102 -20945 391660
103 -811164 595985
104 456107 -123511
105 -216400 303689
106 43902 489259
107 -549104 48147
108 -258336 584876
109 -472020 636665
110 -188667 301122
