1 145627 39006
2 453609 -258826
3 -355244 -400341
4 313553 98502
5 569716 95440
6 785471 -346498
7 881902 -297002
8 -257227 56457
9 830713 -324005
10 252517 98472
11 427579 -367301
12 441512 -462573
13 -414787 -394416
14 -107993 20843
15 -147258 -422096
16 304979 -51387
17 377330 -401175
18 970702 -86275
19 1041235 2840
20 89541 -406522
21 -422991 -342871
22 974098 -223640
23 -329520 -254455
24 977378 100771
25 1044328 91902
26 811878 97893
27 -403043 -298047
28 95690 56373
29 503893 94943
30 451396 -281417
31 -104510 -417001
32 -185374 99190
33 -11481 -270065
34 288879 -455695
35 -378545 -406458
36 353758 -78601
37 1001531 -83698
38 -195599 -421783
39 1042845 -54738
40 -200563 -322596
41 343107 -412577
42 203151 -393349
43 -239512 -410709
44 1048032 63214
45 482996 -143330
46 68321 -314607
47 663572 -397383
48 450419 -316473
49 -363236 -266038
50 266785 -29307
51 8747 61842
52 964194 -240896
53 953272 -88585
54 1044836 42990
55 1056410 -24846
56 956741 -187924
57 -412603 -313690
58 -55500 -261696
59 866672 99006
60 -424107 -368225
61 536518 94781
62 923188 -272947
63 1040190 12709
64 -26925 54693
65 786179 97396
66 -264013 73130
67 949082 -255132
68 546413 -440698
69 -35895 93804
70 1021972 101728
71 453038 -127867
72 943271 100380
73 -230913 99501
74 -260283 86669
75 965297 -195130
76 -215863 29584
77 911659 100177
78 187344 -427822
79 249831 -412031
80 737202 -368296
81 -7588 -410214
82 140512 96662
83 300163 -417778
84 201013 97674
85 219804 -2030
86 407677 96586
87 345522 -464524
88 500895 -157314
89 181093 20532
90 486355 -210854
91 474116 -224290
92 -295732 -256377
93 1027417 -71387
94 156081 -366376
95 -245125 45172
96 179359 21472
97 737688 96303
98 -165199 11441
99 1053995 -10122
100 359812 97616
101 -234987 38522
102 940700 -175576
103 975319 -209889
104 -121639 -296125
105 -382458 -277216
106 76709 95635
107 918521 -145032
108 460270 -243284
109 -139115 12352
110 58330 63174
111 -285683 -398012
112 -399367 -406185
113 934873 -97532
114 24918 -289506
115 21104 94794
116 918222 -125030
117 -209733 100441
118 488002 -455746
119 415480 -109666
120 600468 -421300
121 444604 -339090
122 -194599 19520
123 30970 -408367
124 -321180 -395850
125 1052963 -37875
126 1002049 102033
127 244463 -444539
128 -261907 64398
129 -228705 -307569
130 453833 95796
131 -246612 96352
132 -147468 96812
133 381398 -466073
134 -258713 -279199
135 685485 95481
136 623835 95829
137 122468 -346537
138 922887 -112460
139 -76659 34745
140 1042419 29097
141 410395 -382410
142 -97985 -277188
143 1033769 99138
144 1048897 78553
145 497132 -198571
146 927116 -161942
147 -168048 -322461
148 -42349 -411928
149 -88519 93567
150 504182 -188419
151 507498 -174494
152 143447 -414346
