1 131899 -711700
2 -146000 94600
3 -24600 -772600
4 -981800 24900
5 -1497400 -141499
6 -938900 -767299
7 -1200000 381100
8 78800 192400
9 -1582300 -559099
10 118199 -753200
11 -1429100 327400
12 -1282500 347400
13 -172700 -770800
14 -427900 -768900
15 165400 -136300
16 -1047500 32800
17 113800 157800
18 -163699 376700
19 -1428500 302100
20 -197299 337200
21 -1771100 -412199
22 -726100 -768900
23 -187699 278600
24 -136899 377100
25 -1070900 97900
26 -1073700 234400
27 -79299 332300
28 -109099 359400
29 -1380500 359500
30 -1101500 -747099
31 -1256500 383400
32 -1759900 -362599
33 97799 -767000
34 -1297200 333000
35 -1624300 -211399
36 -221100 57600
37 -1093900 290400
38 164500 -68800
39 -1070700 70900
40 -455200 43500
41 -1443100 -55799
42 -525200 40900
43 -632500 -768200
44 -1425800 122800
45 -1064200 45000
46 -1190400 -726799
47 29399 -773200
48 -90500 -771800
49 -1346700 -678999
50 -782000 31900
51 165999 -357200
52 -1418200 -647599
53 12100 250400
54 -549100 -768100
55 165299 -209800
56 160000 43199
57 -1427800 266200
58 -1776100 -438799
59 -120099 190800
60 -820900 -769599
61 -1028200 -758799
62 -1675400 -510999
63 -1430200 -1899
64 -1124600 333300
65 169899 -496300
66 -1426800 218100
67 -1319900 330900
68 -171900 73400
69 -1760200 -478099
70 -1258700 -707499
71 -1464500 -623399
72 -596600 38400
73 -1422700 350700
74 -184999 362300
75 -1426000 179500
76 -1400300 361000
77 -128800 120100
78 -308200 -769600
79 -1673300 -238699
80 57500 210500
81 -272200 52600
82 -1351700 346100
83 -1706500 -496199
84 -117100 156300
85 -935200 26500
86 171199 -546100
87 -1275400 366700
88 171999 -592700
89 -1071100 134600
90 125999 -736700
91 -1426000 76600
92 -164699 246400
93 -1736300 -485399
94 -1709900 -271999
95 151499 -685000
96 -1532600 -167399
97 -141699 222800
98 -1017400 24900
99 -1467600 -107099
100 -1071500 192000
101 165899 -661300
102 -866600 28900
103 168399 -439700
104 -1573300 -187899
105 -1774900 -463299
106 70099 -772900
107 -198999 313100
108 -404300 45600
109 144500 107500
110 -43899 300700
111 164399 -288700
112 -1238300 387500
113 -1621800 -536999
114 -1163300 364100
115 162700 -7400
116 -1522500 -592499
117 -1733400 -302699
118 -685000 35300
119 -327700 49000
