1 -827999 508426
2 -786102 549064
3 -116641 356618
4 403030 110650
5 -95356 202966
6 393868 148496
7 -296972 -227617
8 -417124 519199
9 -455773 338297
10 -510404 70302
11 -53613 407126
12 -176153 494300
13 -807244 545594
14 -557887 160587
15 -126539 -187937
16 -331140 -201109
17 -321863 505059
18 -91226 493483
19 -390013 -111523
20 372025 -38313
21 337640 206924
22 296297 -66038
23 -183949 -205041
24 209119 -90964
25 -468303 213859
26 -50792 486187
27 -625440 552668
28 -365495 -146701
29 -818483 541998
30 -315114 -219632
31 262268 216110
32 37059 -140574
33 -259985 -226571
34 -531703 539902
35 -245442 338367
36 -383134 96028
37 -575301 195589
38 -218896 158303
39 -249893 129258
40 -766047 551814
41 62380 207920
42 -71111 -171867
43 -435479 -45107
44 -464725 -2610
45 -377194 357371
46 -769408 452140
47 -482835 290017
48 -269247 498876
49 -797562 477953
50 -482297 259222
51 -232608 -219292
52 -313700 83237
53 374305 180560
54 -597391 240710
55 76566 -129183
56 301997 214803
57 -286536 97014
58 -230587 495751
59 -708906 555712
60 -163672 340795
61 -408486 -84541
62 -15681 -155897
63 -284341 343689
64 415577 67963
65 112289 -118758
66 -827083 536147
67 -816570 495424
68 -125235 493689
69 -832411 526252
70 179563 -99481
71 402006 -19787
72 -65372 393218
73 -624069 290752
74 -571817 546103
75 -649330 328417
76 -413605 128501
77 -143986 198517
78 421791 38567
79 130847 210415
80 -35315 470455
81 -442257 171307
82 -207790 335724
83 -191956 179177
84 -472444 319303
85 -68300 492182
86 263054 -75320
87 337480 -53218
88 -83488 376800
89 -668995 555409
90 -323764 350402
91 216589 214512
92 -489072 34269
93 -34487 440165
94 -38988 205250
95 -414066 355427
96 419426 13622
97 176616 212614
98 -32337 454504
99 17992 206845
100 -350629 -167544
101 132494 -113104
102 -717343 403042
103 -487660 532070
104 -536562 119253
105 -692202 377976
106 -372584 511575
107 -740382 554062
108 -353361 80645
