1 225598 58408
2 -1313145 365194
3 117133 -165112
4 -1314670 543549
5 -1220885 9797
6 19851 -230347
7 -463743 288291
8 -965033 -101841
9 375782 167516
10 -852871 683451
11 395629 198027
12 -434315 50173
13 -1328947 479612
14 -1194464 -18997
15 -545900 520565
16 -1036484 -15682
17 287804 363065
18 -565776 407803
19 -602443 452050
20 -455724 115966
21 -1163088 -46419
22 393824 275512
23 -1142156 -61298
24 -99987 539439
25 -583148 610120
26 -544724 386624
27 -998253 216193
28 -755537 520849
29 -396628 744611
30 -1053537 -11574
31 -493477 752936
32 -1097114 50041
33 -959984 -31522
34 -13301 501241
35 43418 -226122
36 103060 -111671
37 -1095073 31701
38 112908 -124335
39 -452073 214853
40 -606842 472009
41 -639141 608965
42 -944456 -77908
43 -1169318 636278
44 -540968 599985
45 108267 -183433
46 -220446 -105657
47 -1081995 654337
48 -1243134 42341
49 358741 151212
50 -1095578 74810
51 249255 77245
52 97656 -103054
53 -1236103 614635
54 403251 240519
55 -466487 762284
56 -524723 593248
57 -567792 517099
58 214911 398843
59 125549 -30737
60 -836422 415862
61 402057 220265
62 170204 11447
63 -1006580 -112697
64 -1306370 320203
65 -954517 665793
66 342046 139322
67 -1075079 121054
68 -730470 553744
69 -1327013 452863
70 323098 343785
71 198255 36241
72 -556844 604734
73 -553530 719020
74 -54337 -217628
75 -439661 762020
76 -821440 694555
77 -706760 576785
78 -130064 552597
79 -1290572 578412
80 -1325109 512966
81 -1023021 186210
82 -324383 655778
83 -1207263 625448
84 310965 121026
85 -1001650 663046
86 -19315 -229113
87 -1087045 99823
88 -477905 315613
89 -581134 512330
90 -533453 728626
91 94423 -87858
92 -84875 -199883
93 -1125059 646830
94 -785743 709610
95 -810252 448695
96 -1265922 93176
97 -455679 169100
98 -1058261 143754
99 -159975 -146772
100 -274776 619187
101 -1268617 597289
102 -602243 492181
103 -890116 348847
104 -360289 701153
105 -578744 713236
106 -1087773 14646
107 -974318 -22216
108 -417923 755574
109 -497822 341534
110 -600021 611932
111 -1051370 -105156
112 118154 -134158
113 95227 -73621
114 -376159 725814
115 -780652 486451
116 -953551 -92534
117 -447564 77127
118 -949444 -43961
119 -121464 -175045
120 -59034 521457
121 -993195 -17472
122 -255391 -82063
123 101885 -57979
124 -189807 -126301
125 -671900 598615
126 -344305 676095
127 378992 299108
128 -134295 -165787
129 290500 108204
130 386415 181096
131 -635722 717350
132 -1052014 658286
133 -1085766 -91548
134 -493570 555012
135 35072 479916
136 -925242 305995
137 -194383 580669
138 349111 326682
139 -339395 -28962
140 -510407 584443
141 -456992 137935
142 -114598 -179708
143 -244201 603244
144 -587629 431855
145 -987237 -110721
146 -1299692 275108
147 165989 421549
148 -950190 275406
149 -496199 570130
150 -942833 -61341
151 -294803 -56622
152 -500633 542358
153 -726755 728180
154 -1013335 -16675
155 -531475 522970
156 -1319201 401104
157 78365 460815
158 -298831 634657
159 -511627 742596
160 151502 -6016
161 -375464 -4706
162 -1109381 -80065
163 121251 441900
164 -753464 722244
165 -593939 503678
166 90361 -200768
167 -1072068 -2416
168 -609367 713367
169 255823 379159
170 -405818 19248
171 -163592 567136
172 120087 -149400
173 -454120 253405
174 -1291772 217350
175 -662829 722807
176 398861 263080
177 -694119 727718
178 -1277046 130911
179 363321 315171
180 -901282 671454
181 -1026448 -111090
182 -860677 385497
183 113947 -42349
184 -516858 528483
