1 -59538 -29415
2 -1140704 -239709
3 -117945 2687
4 -837285 182787
5 -1122744 -99136
6 -104439 38820
7 -146088 92913
8 -1132785 -245790
9 -578766 -36557
10 -775484 100338
11 -350937 -21708
12 -1097146 -156270
13 -657538 6858
14 -676559 22768
15 -872074 182645
16 -124945 -21566
17 -112854 31819
18 -1093682 -255194
19 -1159442 -201737
20 -816708 167442
21 -1125289 -250881
22 -49709 -20011
23 -110520 69932
24 -1115036 -256184
25 -1056558 -83297
26 -986484 99772
27 -1099338 -172604
28 -806596 127349
29 -326400 61801
30 -956361 37688
31 -124804 92843
32 -492004 -32668
33 -168857 90792
34 -954452 58972
35 -344007 -147997
36 -569291 13081
37 -338845 42850
38 -275559 77286
39 -131875 -25950
40 -1080883 -111864
41 -969514 7424
42 -115541 57417
43 -224011 -139582
44 -641770 48224
45 -45042 17748
46 -76933 35638
47 -1033860 -78983
48 -1130805 -247204
49 -140784 -1484
50 -1152584 -228254
51 -611293 27647
52 -698409 38961
53 -1010879 -54871
54 -1098843 -258801
55 -1097853 -209445
56 -386292 -61589
57 -945331 74882
58 -117450 15627
59 -79125 -46315
60 -614122 -21283
61 -439042 -115894
62 -894277 117309
63 -342239 20364
64 -855811 188161
65 -125935 39244
66 -733199 108399
67 -37123 5020
68 -259366 -151603
69 -140502 -16617
70 -999000 -39880
71 -1092692 -245153
72 -390040 -131946
73 -61659 28849
74 -1099551 -192191
75 -1106763 -258093
76 -876458 126218
77 -1073246 -7778
78 -435719 -65336
79 -916127 102247
80 -366988 -47093
81 -1158311 -220405
82 -646507 -9687
83 -1065751 -90792
84 -1153220 -190565
85 -1022122 59891
86 -832476 134845
87 -671610 71276
88 -90368 39597
89 -803061 155917
90 -1106339 -65902
91 -243456 79125
92 -848810 133784
93 -91570 -56780
94 -345068 -1555
95 -147078 -102530
96 -111864 81317
97 -780080 138027
98 -121480 -15980
99 -39315 -6505
100 -641699 -15909
101 -931401 89236
102 -746563 76508
103 -1146078 -179180
104 -912026 159806
105 -1161352 -210859
106 -1119562 -254346
107 -300873 73185
108 -1145795 -235183
109 -557270 -53952
110 -533441 -3111
111 -596515 -23193
112 -189787 -124875
113 -1132714 -128198
114 -137673 11384
115 -1052104 23546
116 -1137876 -155280
117 -111510 -74458
118 -888196 174160
119 -760493 124945
120 -1094954 -227900
121 -525592 -76296
122 -1073529 -100267
123 -1023254 -69225
124 -476731 -101257
125 -295994 -156553
126 -1009748 73680
127 -118440 -5727
128 -987262 -23051
129 -707248 92772
130 -631163 -23193
131 -408707 -67882
132 -206121 84782
133 -716016 52467
134 -1086186 -122541
135 -461175 -54730
136 -1092338 -138451
137 -950563 131592
