1 222070 255557
2 13482 64975
3 265498 103353
4 -1376526 661806
5 -132246 22862
6 297671 125094
7 -843827 179232
8 84150 39406
9 313602 239620
10 25251 354432
11 -30995 368143
12 -640163 566102
13 -710770 585183
14 -1250160 600618
15 -1203598 686060
16 -339841 455911
17 -765388 129937
18 -66644 48686
19 -872565 199949
20 -362010 87042
21 -1337394 697061
22 -1152151 532536
23 -1459302 684413
24 280703 229931
25 -704801 98402
26 370848 217563
27 336044 253284
28 -413729 506524
29 -1503298 699651
30 -944688 260269
31 -622649 61629
32 -1432422 677029
33 -1164405 682662
34 -546557 31137
35 370602 230945
36 -1009042 377164
37 -326170 69457
38 -210166 410746
39 -579866 549784
40 -1477846 733460
41 -1086618 478778
42 -1015072 400757
43 -1406566 707338
44 -1328938 643525
45 -581250 44488
46 -223728 17593
47 -303084 433875
48 -79562 379470
49 -379243 90202
50 150807 50173
51 -1013215 662412
52 -1513832 722014
53 -655355 75735
54 -364435 488468
55 76182 339243
56 -1430724 716219
57 -1014427 337216
58 -270636 423757
59 -1296554 693354
60 -1507155 731376
61 -1488995 734857
62 -459397 21036
63 -959476 650374
64 36642 64440
65 362543 244970
66 -862133 625345
67 -323690 443473
68 -1176433 550770
69 -37393 55558
70 117862 38696
71 -1375411 700966
72 -351953 474243
73 191726 276448
74 159611 298055
75 -1031781 426630
76 324681 149693
77 234672 87126
78 -996470 305810
79 -466705 520421
80 -424988 46344
81 -1113983 502502
82 -485610 17532
83 -1057084 452315
84 -259710 31289
85 -903225 224292
86 -418340 59911
87 -1106663 676876
88 -395223 88053
89 -516663 533393
90 -101399 36359
91 -180968 11959
92 -767430 600247
93 -1010601 354209
94 345800 255231
95 -1011134 324026
96 59457 344851
97 258009 234750
98 -903729 636363
99 -297878 52376
100 -437070 31929
101 -1068133 672019
102 206653 74049
103 345541 171672
104 -971218 283436
105 -1512628 709369
106 -1487895 693047
107 -1285356 620691
108 117310 322019
109 -1211941 576220
110 -166354 400701
111 363976 200378
112 60866 54618
113 -817959 613636
114 -799066 149883
115 -228989 414751
116 -18333 59241
117 -1458657 728014
118 -388055 499215
119 -410883 75427
120 -520376 22653
121 -120957 389588
122 -1497989 734770
123 -1261956 690474
