1 -1262196 858157
2 -1415962 986444
3 -1627635 752003
4 -42145 -130971
5 -1615064 947945
6 -967258 -124174
7 230761 136732
8 -1669113 884191
9 -1170154 722865
10 -633732 201031
11 -1533419 560888
12 -723534 -132163
13 37858 137522
14 -60960 138012
15 -198927 -131136
16 288984 -124888
17 -1643106 931137
18 -457880 -131507
19 -1123904 -135068
20 -767191 310616
21 -1520512 554488
22 -419647 140560
23 135663 137145
24 -1243191 829103
25 -1496283 474897
26 -1499846 502993
27 -1644208 787695
28 429771 134970
29 -1362529 -22437
30 -1217217 791524
31 -1477975 336767
32 -201850 138635
33 -605192 201821
34 469899 132960
35 -1005341 -130618
36 -916388 -108983
37 -974536 510907
38 554096 -25102
39 534022 118293
40 -1414472 59547
41 99208 -131152
42 -1283832 890896
43 511333 126346
44 -1510365 540620
45 -781775 -131938
46 -1471521 296275
47 -801758 -129570
48 -1453521 192650
49 -1142330 683640
50 -385120 139465
51 -1162751 -131641
52 -515064 188225
53 -1444227 981361
54 528586 -53634
55 -337426 139321
56 -826930 -101156
57 -401575 -131399
58 284493 136414
59 -838129 379094
60 -574102 204441
61 -97553 -131000
62 -1550048 569672
63 459836 -95084
64 -1338334 971152
65 -248306 -131240
66 -1660637 908924
67 -1595956 682500
68 -814179 -124132
69 -1302425 920990
70 -1013124 548086
71 151224 -130215
72 -163084 138412
73 -624586 -131837
74 560325 97606
75 578264 42862
76 -863705 -90421
77 -1195712 760279
78 -1503555 522444
79 -15874 137841
80 -797015 339427
81 377576 -116334
82 -1077180 -135598
83 -1357602 983720
84 53424 -131042
85 -296788 -131266
86 -894098 -101010
87 -831746 -93145
88 -106952 138204
89 492202 -79504
90 -1388952 13395
91 -1331368 -55045
92 251531 -127061
93 -1428360 94369
94 570799 6573
95 -1562939 586211
96 -1461576 238824
97 574056 72608
98 418751 -108516
99 -1254492 -105337
100 -1660116 824950
101 182967 136867
102 -559354 -131651
103 -1585122 655040
104 -1383577 989177
105 -295536 138971
106 -842487 -88564
107 326066 136237
108 -726953 271776
109 -1491655 438060
110 -1668350 850229
111 -678013 225264
112 -1589279 956123
113 -1079529 612945
114 -356905 -131406
115 -548238 201384
116 -1551283 963563
117 -759866 -132229
118 -1577155 628232
119 -1317481 945070
120 -1117438 652692
121 -1041295 -133864
122 7740 -130923
123 -822370 -115413
124 79132 137319
125 380804 135906
126 109512 -130752
127 -1569765 602277
128 -1208457 -122088
129 -251663 138894
130 -459878 149487
131 -945028 482270
132 -1288383 -87422
133 -871022 410848
134 341211 -120620
135 202318 -129057
136 -490266 169816
137 -1483462 974315
138 -1443544 147447
139 -879612 -95627
140 -1613347 722938
141 -904898 443520
142 -672561 -131919
143 -699429 245173
144 -1485570 390309
145 -511985 -131522
146 -140413 -131036
147 -940398 -116805
148 -852943 -88375
149 -1047975 581575
150 -1517621 968917
151 -654353 207257
