1 125685 10298
2 -327945 747868
3 -673711 -112334
4 -283020 84952
5 111624 -98491
6 -402193 158835
7 150105 -28606
8 -52636 686730
9 164075 99427
10 -1304 105165
11 -447528 252379
12 176285 217890
13 -371487 814851
14 -479839 424212
15 -279647 64286
16 -37544 653965
17 -54307 28316
18 -94178 -103697
19 190850 453337
20 54372 -107892
21 -24627 627992
22 -579691 694583
23 -524563 654553
24 -509792 629482
25 11920 22664
26 -645386 837749
27 -668470 799451
28 -94267 -103902
29 -53075 -104453
30 -675653 -26632
31 174887 169462
32 -607554 710365
33 129940 -85472
34 -486708 460090
35 -425134 840980
36 -308558 113520
37 -355300 -106759
38 -361440 782030
39 -284075 48560
40 -501001 589603
41 -181717 707392
42 -200488 696471
43 -409292 -107288
44 -306335 733627
45 -156246 725110
46 -492514 850495
47 143071 -68449
48 -649774 -12358
49 -332387 125117
50 -532120 855380
51 135232 532378
52 81307 -106699
53 -477517 19134
54 63589 96436
55 -68397 83069
56 90481 91457
57 178524 259715
58 187103 380484
59 -73541 51861
60 -594341 8699
61 -74254 69669
62 -128028 -104426
63 -32929 21974
64 -292213 99953
65 -28768 105226
66 -462189 335503
67 131434 85744
68 -177411 -105003
69 150562 -46107
70 -641156 734386
71 -498950 547332
72 42871 25138
73 27098 571792
74 -691417 -37249
75 71843 26081
76 184523 344509
77 -716631 -62583
78 -426559 185384
79 36776 100698
80 -710503 -98823
81 115220 87021
82 -505849 -109985
83 -52929 97615
84 -252797 698137
85 171790 116213
86 -85084 725556
87 -278073 713480
88 -454204 295339
89 -67070 39015
90 -623644 848552
91 -348824 18380
92 -720907 -74134
93 -66615 708679
94 -695623 -107223
95 -622760 -525
96 18430 -107373
97 -308338 -106254
98 -662816 816205
99 174777 141434
100 55831 556218
101 -398291 835438
102 -553216 16316
103 -227912 692127
104 -322346 22452
105 -456902 845392
106 -353847 132957
107 189824 412400
108 -366229 797071
109 181185 298238
110 -435492 18368
111 -298157 32828
112 -667480 775870
113 -130106 734251
114 -395811 17593
115 150973 89216
116 -450120 -108259
117 -109812 734179
118 -560845 857254
119 -19320 -105632
120 -706649 -49899
121 140797 -6000
122 -600277 -113506
123 -214912 -105272
124 163494 512231
125 184198 481956
126 -385816 147252
127 -718667 -89094
128 -440929 220713
129 -265357 -105827
130 -553486 -111708
131 -495461 507703
132 -2709 598605
133 -594911 855692
134 100748 544693
135 -648943 -114004
136 -383107 828076
137 -518782 18840
138 -13912 21091
139 -346844 763079
140 102150 22010
141 -658098 754110
142 -551929 678454
143 -470317 376460
