1 -234357 -561339
2 -505633 -570384
3 -988315 -734066
4 -1087879 -882440
5 460721 -113235
6 -492985 -363017
7 -501388 -689880
8 -173126 -268207
9 -550535 -343862
10 -520744 -325901
11 -111292 -508785
12 -787727 -840328
13 869560 25860
14 -84516 -431493
15 231374 -180592
16 -738488 -771035
17 384842 83900
18 -628157 -719868
19 -1020812 -900859
20 -102740 -1584
21 497826 82941
22 146074 -80870
23 -528620 -418033
24 -366834 -487385
25 627218 81498
26 -696734 -801501
27 61032 -51730
28 -192322 -582641
29 -195669 -475983
30 -158986 -572797
31 390307 -98666
32 -557679 -661352
33 280089 84727
34 682374 -66618
35 -63298 42569
36 -110804 -47442
37 -72127 -144400
38 611302 -84205
39 554471 -130071
40 -544411 -375686
41 -458237 -426083
42 -875279 -768196
43 -112814 -77496
44 -107521 -224138
45 -6803 72959
46 -599845 -747659
47 769050 -80617
48 -303731 -522100
49 -171326 -361860
50 -1060443 -744639
51 179491 -145164
52 -143871 -99656
53 -506707 -497237
54 -15494 -89616
55 -956921 -891075
56 -254645 -544895
57 775390 79100
58 -888219 -874079
59 -104651 -326009
60 -173874 -121673
61 151432 85796
62 848576 -82570
63 -1107605 -813220
64 -179825 -169368
65 886408 -40726
66 317890 -150726
67 -346971 -599126
