1 424522 -175648
2 111270 -111965
3 244715 -167385
4 -80235 -270070
5 -358876 -268212
6 -235915 -194726
7 -545423 -223140
8 666809 353690
9 -597496 -261461
10 -18329 384158
11 -107382 148431
12 399850 -273497
13 464801 427284
14 79411 497393
15 629040 -86923
16 -216908 -142323
17 206749 -165623
18 321619 420705
19 -150979 32825
20 379396 -173529
21 734123 -159577
22 -538823 -266774
23 599174 -115103
24 170513 -49564
25 -16488 -270690
26 129821 480276
27 446426 -273934
28 680641 -255886
29 -248390 -269017
30 -364003 -208722
31 203174 515748
32 600812 391421
33 -323993 -207519
34 -201867 -101535
35 608692 324421
36 91935 503091
37 565279 400785
38 609677 -169618
39 257612 -43051
40 279601 -24064
41 -488094 -213629
42 -93592 184904
43 229034 -53824
44 278194 415162
45 -597064 -251249
46 281598 -169160
47 504033 -179351
48 -561096 -266737
49 123893 401376
50 548008 -274680
51 420542 433491
52 70579 565132
53 -256838 -205462
54 22457 -270942
55 375343 427787
56 -520889 -215105
57 191446 -272179
58 -640 430859
59 600279 -130844
60 253522 126178
61 -588421 -266400
62 -404507 -210320
63 119628 495243
64 -578184 -266610
65 415443 324839
66 705786 -234059
67 235233 161544
68 41606 536491
69 177766 462853
70 541165 -180928
71 682158 -91609
72 366753 328080
73 -33572 343978
74 723851 -126554
75 665726 367628
76 -227084 -170294
77 466548 321460
78 601073 -275040
79 -142066 -269623
80 704784 -104872
81 114897 579395
82 653933 377194
83 538303 316833
84 121654 -142794
85 512690 414547
86 234465 243720
87 607028 -150013
88 643195 -271869
89 -289307 -206436
90 653651 340772
91 239987 -272343
92 -125339 100950
93 193400 542008
94 294602 3992
95 69798 487181
96 463431 -177427
97 497604 -274261
98 103551 -88232
99 -583301 -240155
100 146533 575782
101 -464453 -267376
102 728022 -196513
103 142710 464871
104 200614 493444
105 298403 26920
106 165069 400153
107 321114 324452
108 159762 -163249
109 354163 -273159
110 653480 -84909
111 578531 318371
112 598351 -182653
113 257962 284859
114 622404 385746
115 138904 -271564
116 584370 -182516
117 204419 405481
118 -143613 52246
119 76327 -271347
120 -74237 236007
121 499139 319135
122 81596 435760
123 101148 -66043
124 -447284 -212111
125 227905 201120
126 106671 502465
127 -53488 291093
128 -416381 -267712
129 -196406 -269389
130 640768 380974
131 -185364 -57762
132 565777 -181769
133 157293 458501
134 -299376 -268577
135 243053 410439
136 174640 561226
137 127897 -43948
138 291581 312391
139 295468 -272840
140 113503 -48670
141 326309 -171367
142 -504480 -267137
143 99878 414706
144 192220 476479
145 196243 -53276
146 279661 83805
147 20292 486779
148 -171222 -20562
