1 507700 256400
2 866300 291400
3 466400 247000
4 128100 93800
5 172900 667700
6 344900 298700
7 46700 367800
8 671700 147300
9 227800 643000
10 219700 657900
11 221500 157300
12 741100 14900
13 160500 -100600
14 724800 164000
15 426500 285300
16 223800 593200
17 204500 668600
18 8100 268200
19 129200 579800
20 139200 30600
21 639600 142800
22 151800 -41300
23 763400 36600
24 816000 141900
25 557400 102400
26 188400 163900
27 155900 -127600
28 108300 258800
29 -41800 138800
30 38900 347900
31 202900 154800
32 60900 402400
33 124200 114700
34 215500 570400
35 52900 -158500
36 -92200 12600
37 698500 153500
38 172100 373600
39 266900 302900
40 157400 -73900
41 180000 397900
42 190600 671200
43 178200 429600
44 382200 291500
45 -77200 -99200
46 650700 260100
47 708800 6600
48 564100 54100
49 640500 12700
50 -49200 -126400
51 741400 178800
52 504500 300200
53 150500 355100
54 861100 214700
55 580100 39500
56 154400 180600
57 203200 289200
58 777000 63600
59 116800 539900
60 234900 298100
61 115700 -160200
62 656400 361800
63 157800 654800
64 -95500 -67400
65 89900 264400
66 15000 -153800
67 543000 261400
68 870200 248700
69 308000 303400
70 616500 137900
71 679500 6700
72 127600 168700
73 238600 165600
74 -23400 186200
75 836900 175000
76 140600 177500
77 101700 336400
78 822500 346200
79 129500 346300
80 460600 286700
81 94700 485100
82 572900 117100
83 85600 -160700
84 -9200 223000
85 138500 613500
86 576000 341400
87 230200 619700
88 302900 193200
89 747700 362100
90 549900 87700
91 595300 130200
92 711800 249700
93 848400 323900
94 744100 217400
95 25600 313700
96 -71500 61800
97 70200 310300
98 143600 -145900
99 128100 263000
100 177900 473800
101 682100 256300
102 171800 277700
103 747200 198000
104 387200 221100
105 174100 176000
106 782600 359400
107 133500 63500
108 75600 277000
109 120400 155500
110 79700 448700
111 144500 300
112 422300 233900
113 187300 505200
114 733600 235000
115 201300 536800
116 553600 69000
117 586300 264200
118 796600 107400
119 610000 22600
120 155700 271700
121 702000 362900
122 69600 290300
123 544600 322900
124 -56700 100100
125 617200 263400
126 149500 643200
127 265700 178400
128 -101200 -21900
129 621800 358000
130 119800 137400
131 340300 205400
132 78800 323800
133 -12100 -145500
