1 -303000 -543200
2 -114800 -158900
3 -431400 -160000
4 -408500 -532900
5 -728300 -544200
6 -773300 -538300
7 -754100 -542300
8 -876800 -993500
9 -279100 -167200
10 -1484200 -1020300
11 47000 -115300
12 267800 -40400
13 -1348000 -1018800
14 -1375000 -877700
15 -1307600 -816700
16 -331100 -527200
17 -1307800 -679200
18 -1218000 -447800
19 -1487700 -1005000
20 -923800 -1007000
21 -339100 -169300
22 -847300 -950300
23 -606500 -543400
24 149200 -72400
25 -381600 -168200
26 -1050500 -993900
27 -896100 -1003600
28 -689600 -123300
29 -1096200 -269400
30 -31800 -146900
31 -1109200 -277000
32 318200 -142400
33 -1444300 -1040200
34 198500 -51000
35 -1372600 -1024700
36 150600 -239500
37 -826800 -894400
38 313000 -108000
39 -826300 -824000
40 -64500 -451400
41 285500 -54200
42 -122300 -485600
43 112800 -87700
44 -1181500 -350700
45 -33700 -428700
46 -1165500 -319900
47 -645500 -543700
48 -1179900 -997800
49 -1190600 -374700
50 61600 -335200
51 -1396800 -1031000
52 -760100 -127600
53 -786900 -534800
54 -1456300 -954500
55 37200 -362400
56 -578300 -543200
57 -676100 -544000
58 -835000 -923300
59 -1305800 -776100
60 225600 -199100
61 -1086900 -991900
62 -1067500 -251500
63 256300 -186600
64 -994700 -1000000
65 -281400 -556100
66 -1285500 -626000
67 -225800 -164700
68 -498500 -540700
69 307700 -92600
70 -860200 -665400
71 -1256100 -549200
72 -959300 -1004200
73 -242500 -545200
74 -865200 -635500
75 -1333400 -842400
76 -315100 -531400
77 -1350500 -856900
78 -1471500 -1034100
79 -1037000 -198400
80 -1003800 -174400
81 -1309200 -1012200
82 -843800 -571100
83 187400 -215100
84 -343300 -527800
85 -821600 -540700
86 -254200 -550000
87 -1243000 -514300
88 312900 -156100
89 233900 -34600
90 8000 -131700
91 83700 -99800
92 -809900 -534100
93 -1202500 -406400
94 -823700 -856500
95 297400 -70600
96 222500 -38700
97 -538100 -542700
98 -803000 -132600
99 -95300 -471400
100 -1272800 -593500
101 -1311300 -753000
102 -1395100 -894600
103 -986400 -169000
104 123000 -267400
105 -1474800 -974900
106 -62500 -154800
107 -483500 -147500
108 -1485000 -991500
109 -1425400 -1037800
110 -637900 -123000
111 -2900 -403200
112 -702500 -544300
113 -1426100 -924400
114 -1229700 -478800
115 -146600 -160300
116 -832400 -552900
117 -535000 -135100
118 -1302400 -802500
119 -933500 -152800
120 250400 -34200
121 -1316100 -713300
122 -581300 -126600
123 -1266900 -1007500
124 -849000 -138700
125 -221800 -535100
126 172700 -62600
127 -897400 -145600
128 -189300 -162700
129 -1026400 -183800
130 -843300 -740300
131 284500 -175100
132 -853900 -589700
133 -832200 -789600
134 -1456800 -1039500
135 -148400 -497600
136 -184000 -515200
137 -268300 -554400
138 296700 -169400
139 -1050800 -234700
140 -1043400 -219000
141 -146900 -160200
142 -376200 -530200
143 318200 -127700
144 -457700 -537000
145 -959300 -160500
146 90400 -303300
147 -1141200 -993500
148 -199900 -523500
149 -295500 -550200
150 -852200 -701300
151 -1142700 -297500
152 -1320700 -831000
153 -1230400 -1003500
154 -860600 -975200
