1 105399 6682
2 -163141 95934
3 -777586 297826
4 -1154225 27249
5 -974633 606414
6 -600517 476426
7 64149 -137382
8 -1263572 297701
9 45834 -184231
10 -933604 329533
11 -310571 180130
12 -1097256 516182
13 19261 177599
14 -717630 531699
15 -867731 513864
16 -833482 449124
17 -131557 -231490
18 -1191219 447895
19 -405659 12180
20 -123589 74512
21 -455361 36680
22 -1243936 165186
23 -1195818 25129
24 -808698 460628
25 -756434 249013
26 -79197 -256678
27 -1055882 547645
28 -1011104 236686
29 -820023 390437
30 -937990 616139
31 78881 -85441
32 -1134806 488895
33 -304213 -116443
34 -805257 364132
35 -539000 379773
36 -444318 261254
37 -225899 -182753
38 -1132474 58042
39 -890575 582002
40 -260654 -165002
41 -1169584 13006
42 179915 239835
43 -911732 606432
44 -570840 428383
45 -302714 -56677
46 -215690 126397
47 -861325 485719
48 30050 321413
49 -653644 541142
50 44567 363193
51 -182638 -204029
52 122467 63160
53 -677799 157838
54 187963 277679
55 4817 -235279
56 184307 301783
57 -875732 544738
58 -1242107 415904
59 133115 356217
60 -1010898 582830
61 -868034 393957
62 -843914 405219
63 -621111 126549
64 -1226931 129010
65 -1245855 201059
66 99319 404416
67 -970751 287493
68 -1280623 325733
69 -388420 224485
70 -1201039 50845
71 -1044848 189640
72 10786 132450
73 -732843 207559
74 -778886 486227
75 -266771 155512
76 -288153 -144234
77 -743578 515332
78 -1185429 11678
79 -894082 369803
80 -492173 311485
81 -54188 56052
82 116994 389554
83 -1992 97474
84 -1087728 126550
85 162695 187289
86 -26274 64331
87 -1268821 396473
88 -90902 62028
89 76538 401467
90 164606 323658
91 57483 383320
92 -40236 -258074
93 24923 276580
94 143972 130810
95 22703 221894
96 -1238131 229455
97 -513602 67480
98 -792199 334872
99 -686818 545247
100 -1283269 365254
101 -1210579 92146
102 -1238838 271713
103 -319709 -33967
104 -626028 516128
105 -852220 461944
106 -347038 -17803
107 -306398 -83978
108 -1110766 92054
109 -566380 96504
