1 -573267 255548
2 -612730 162114
3 -664372 176721
4 -774020 459867
5 -89597 660275
6 -467442 156381
7 -261146 231727
8 -486112 553472
9 346103 34599
10 -785356 -40733
11 58957 214288
12 -404238 -40332
13 -168839 -41917
14 -234203 153619
15 -634936 164741
16 -17790 151271
17 -274561 277787
18 -813867 171100
19 46412 -45407
20 -178743 152855
21 -275665 223415
22 -135124 608655
23 40187 170106
24 57321 519016
25 -343702 -40319
26 -257936 260156
27 -435052 466701
28 -394664 155421
29 -21521 644941
30 -801589 292302
31 -421461 389828
32 175075 321806
33 284143 -45010
34 -813315 209743
35 76169 486454
36 247288 202353
37 -165809 538941
38 -173151 448330
39 -398940 358095
40 -809955 242480
41 -667304 719149
42 -254341 243171
43 -331433 313223
44 -789260 366178
45 -113452 644233
46 52154 254375
47 -653413 169499
48 -69233 -43242
49 219685 247817
50 -629691 685041
51 -7855 -44401
52 -177597 495403
53 -831310 -5615
54 -535478 583167
55 101148 444500
56 -612484 662228
57 -752417 -41284
58 -826643 1151
59 -31082 -44011
60 328164 -24762
61 8592 155094
62 -108660 363729
63 -561534 -40321
64 13570 -44753
65 -65006 150923
66 260945 -48322
67 -301326 296364
68 303615 110863
69 -430735 414720
70 -763847 523861
71 -437204 493942
72 -701389 -41203
73 -807250 21740
74 -663013 206587
75 344884 -7868
76 -221181 -41644
77 42519 544615
78 330777 66584
79 -564405 606371
80 -369138 226755
81 -804304 132210
82 -610800 247233
83 -594367 639146
84 -817391 11280
85 -135277 383812
86 -340949 221836
87 -6833 628344
88 -640365 231392
89 -525067 253529
90 -122583 152114
91 -406395 233459
92 -733742 699018
93 -320047 219264
94 -719332 719033
95 -808936 -38855
96 -102768 -42812
97 312016 -35132
98 34585 284680
99 -789395 60587
100 -642269 -40739
101 130901 394808
102 -300810 218535
103 -339603 154642
104 27264 571699
105 -24356 327849
106 -461676 -40236
107 -795643 328332
108 280606 147983
109 -289061 154305
110 -794235 41606
111 -501398 -40323
112 -504792 157178
113 -42036 659334
114 -652760 709551
115 118808 -46882
116 -668451 190387
117 52802 189958
118 -372084 336919
119 -440047 240088
120 -748869 625045
121 83660 -46108
122 -433103 155879
123 -741320 675339
124 -270024 -41248
125 -285561 220268
126 -781588 412974
127 349664 7107
128 151503 360707
129 -158025 413436
130 -133009 -42167
131 -151060 572176
132 -826491 -31863
133 -489180 248779
134 142336 -47261
135 224856 -49282
136 198017 -48618
137 11478 599665
138 -453813 528283
139 -544556 158291
140 -755985 576667
141 -696262 726043
142 -68036 664630
143 8200 309574
144 199510 281134
145 -834692 -17641
146 -793556 96664
