1 1123201 -170452
2 435060 362936
3 -199255 -132530
4 -224566 -97521
5 1134368 273869
6 -227376 -54694
7 -59857 100760
8 574942 441082
9 898310 37346
10 15995 -128177
11 -182211 24349
12 807750 567582
13 1126994 396815
14 889115 612112
15 1054516 566155
16 486950 392232
17 1123759 427468
18 303053 288412
19 765214 544465
20 -26639 117477
21 1163302 -103493
22 939730 632445
23 1236217 -126782
24 583517 31004
25 1073644 561264
26 657993 -4130
27 -96657 -90002
28 1241876 -146651
29 1153697 42429
30 1011952 575402
31 1173354 -115967
32 1003708 587089
33 528234 40405
34 926797 30972
35 685704 -2290
36 214938 -80792
37 -76197 -45348
38 134183 199465
39 -145768 -118020
40 708507 6984
41 1237965 -161853
42 1134174 -193381
43 1095761 -113628
44 740551 28040
45 1155655 -44650
46 1156171 -71221
47 1218461 -221264
48 -123743 -107333
49 67139 -154677
50 770233 46391
51 490515 35497
52 631213 3977
53 -2423 -101634
54 -208882 -125063
55 87058 -150959
56 1104007 511137
57 1241800 -137188
58 1085336 550105
59 1153361 -228636
60 -95847 81904
61 139558 -123693
62 -221182 -31405
63 -218001 -113023
64 987356 30473
65 528751 415680
66 -87776 -75516
67 1155428 -12183
68 625847 468672
69 1031282 8124
70 174586 220414
71 107339 -141785
72 858919 595488
73 376284 2687
74 340942 -12977
75 559281 39353
76 955640 633004
77 -84654 -64842
78 1129951 353105
79 -68519 -40264
80 1008608 24530
81 1147220 136238
82 -228094 -80926
83 611749 14434
84 1138427 228982
85 266364 268306
86 665096 490018
87 863379 51398
88 800330 56515
89 -81818 -54624
90 -30745 -59420
91 1142335 189918
92 1025094 567522
93 -165712 -128678
94 -125300 65449
95 1094717 534301
96 89787 176357
97 1082012 -83816
98 12924 137199
99 216945 242414
100 994762 605187
101 1186502 -249922
102 955970 30289
103 1184498 -121096
104 1232635 -176974
105 292001 -37657
106 30656 -142741
107 -15257 -81417
108 56665 159338
109 1131294 319101
110 835716 57998
111 1213966 -119464
112 257511 -56536
113 -95928 81845
114 1110017 -142948
115 1110761 489592
116 986342 617116
117 1176224 -248366
118 1226082 -196196
119 396627 341317
120 1117857 461621
121 1063408 -44429
122 1225332 -120476
123 -158756 43615
124 973694 627209
125 45628 -151270
126 1145221 -215391
127 1040327 565610
128 1158794 -90823
129 458979 29395
130 1150962 88896
131 -54829 -39712
132 349678 314747
133 1197474 -121434
134 -110845 -100928
135 1211631 -235002
136 1163406 -240250
137 170489 -106040
138 415066 17020
139 -182133 -135170
140 -43267 -46268
141 -207237 -4834
142 1049503 -16955
143 718846 519306
144 1199444 -245958
145 916118 625303
