1 1111229 850323
2 -180916 -80869
3 262927 29393
4 1292197 74463
5 1181811 -357028
6 1016422 196668
7 -433084 -165083
8 862255 302294
9 752241 726139
10 920144 -40347
11 -207699 -99239
12 1301309 -407451
13 141138 423027
14 1276524 -1721
15 1425461 753792
16 1491565 -231403
17 1258906 -396189
18 1469920 527333
19 1194321 576431
20 886848 4978
21 52562 42723
22 1382506 808151
23 134442 4447
24 1283335 -88216
25 1435005 -360210
26 -336484 7628
27 1112259 -303134
28 1341472 -410750
29 1458460 -328796
30 -360492 -26495
31 632450 140159
32 584559 144924
33 -157807 193875
34 19466 53647
35 867502 465810
36 49130 394017
37 -380218 -59544
38 929091 232050
39 894344 492283
40 -421975 -142586
41 1505689 500754
42 1233325 129644
43 948649 796177
44 1520316 631129
45 1190159 144493
46 177029 446757
47 1103992 170493
48 85599 794
49 155980 8223
50 1461917 -194515
51 1405965 621632
52 54329 33153
53 1541958 502887
54 1558186 575881
55 1267080 -33691
56 -315165 35404
57 350751 57430
58 966324 213297
59 -54906 5642
60 -438022 -237480
61 54579 24556
62 528632 134546
63 94706 452
64 -1912 373123
65 993071 -161593
66 1493707 -250969
67 -450700 -210197
68 -351396 -198062
69 -451732 -219817
70 -394447 -86697
71 1245681 802662
72 1412882 -381999
73 1320342 627938
74 71855 3154
75 -147117 -57576
76 1075850 -268564
77 86318 400767
78 1567935 550248
79 1197299 806918
80 -440504 -181215
81 711886 711732
82 375899 587749
83 -399262 -229102
84 1226233 587490
85 1331038 -128089
86 -426801 -238585
87 815266 66338
88 466459 625236
89 1478366 -208630
90 1556365 514040
91 60337 9854
92 -246934 -126228
93 1049452 -240221
94 1399117 -160706
95 -410482 -119182
96 847961 760214
97 1054222 185526
98 -257234 97125
99 421436 608947
100 1269296 -57456
101 -446450 -195821
102 567057 660597
103 1300039 822714
104 254803 506224
105 -282590 71479
106 1133929 850519
107 849506 339377
108 1294932 616793
109 901435 779350
110 1442681 729889
111 675272 127804
112 -35050 19791
113 981998 524318
114 1148435 156966
115 1473139 -304536
116 1017944 -199964
117 104105 616
118 -222429 131538
119 487705 118529
120 1368778 -147233
121 -412655 -235337
122 304949 39928
123 1022935 534034
124 185893 13446
125 1354695 636639
126 1148693 -333403
127 1266448 604194
128 1566637 532922
129 28332 55702
130 993185 811657
131 -3136 42151
132 219385 19931
133 846937 389140
134 435899 95522
135 1157705 840632
136 1494048 663475
137 849112 424983
138 1424839 600358
139 36632 55747
140 1256334 117844
141 1225156 -382176
142 -276582 -146649
143 1179749 821114
144 1403194 786108
145 856303 35950
146 -315126 -173126
147 1268948 810469
148 56112 16981
149 10032 49782
150 1046760 830795
151 -34576 342148
152 1377846 -403214
153 337977 565784
154 1526035 498308
155 -15092 33841
156 65102 6137
157 1434224 -177996
158 659007 692906
159 1545203 597758
160 -376503 -215103
161 512585 641343
162 771262 89073
163 1487541 -275880
164 -55822 298771
165 1356139 823193
166 606324 674284
167 931921 511142
168 1305531 -110732
169 120478 2302
170 1456804 545307
171 398294 78263
172 -89700 257073
173 291330 533665
174 942802 -77857
175 1151423 564481
176 808499 746223
177 42968 53758
178 1378519 635455
179 1325150 828053
180 1220018 800314
181 1111593 554384
182 -78430 -10370
183 728735 107434
184 77984 1561
185 -102249 -26688
186 1490156 508284
187 892675 261319
188 1280832 95268
189 -122805 -40849
190 -447328 -231442
191 -191940 161074
192 1469809 694157
193 49459 48570
194 1069853 544854
195 1295850 48523
196 968545 -120214
197 1440394 574425
198 1288240 20386
199 217010 476859
200 1076680 841318
201 -117256 231388
