1 1129804 62538
2 764885 -94819
3 -304117 -199845
4 -233526 -78443
5 -87242 -268833
6 181295 101117
7 557114 -293415
8 259524 -170930
9 -68563 -283208
10 589807 -182249
11 -271379 -266879
12 93554 125349
13 212676 -14083
14 1069051 -49005
15 205804 12223
16 -98426 -254355
17 284132 -254629
18 -259478 -123027
19 900300 -87087
20 -62963 118669
21 -300135 -350848
22 -144645 52682
23 384154 180144
24 1141354 -27727
25 -390739 -378907
26 27781 75673
27 121969 135234
28 213197 -15311
29 1002548 71882
30 32567 170038
31 -1455 -91949
32 15927 -271153
33 804310 106586
34 1040855 66553
35 -19033 15226
36 847373 99049
37 -13830 144087
38 -50385 -287822
39 -33765 134479
40 -291688 -467859
41 -213396 -207000
42 -372055 -654753
43 -425939 -522501
44 1152204 58161
45 66812 108855
46 -351114 -284594
47 -111754 -197201
48 -141834 -185548
49 -103266 -232666
50 464803 -351528
51 -192485 -8859
52 605575 -147280
53 1160147 -19133
54 -1226 -280981
55 144116 136905
56 623792 138118
57 245379 -122958
58 -249640 -232379
59 1172623 49475
60 435890 -362617
61 -295028 -577911
62 227595 207676
63 197525 48232
64 641333 -112238
65 -434032 -611356
66 944471 -77877
67 234482 -86496
68 27170 223107
69 -372479 -331009
70 35825 227578
71 21075 -159259
72 10351 -125509
73 296980 -297550
74 -114576 80831
75 30151 -252195
76 1111786 -37408
77 816244 -94699
78 136510 223804
79 -13783 -60614
80 412039 -370173
81 339263 -376101
82 36488 -210968
83 285643 197502
84 -287882 -304008
85 30241 186687
86 175162 115166
87 -24859 -19107
88 23216 160875
89 360435 -380999
90 29158 -183220
91 -395388 -650846
92 431399 171923
93 -160737 -187764
94 581588 -220863
95 -416821 -478042
96 94391 228867
97 1178987 -5047
98 1191064 25513
99 -299584 -385072
100 383590 -378135
101 719633 121508
102 -295593 -428438
103 -125006 -186541
104 309285 -335083
105 667266 130553
106 1104501 64372
107 -26658 -286481
108 -343646 -645987
109 160584 132193
110 -105580 -212055
111 -420225 -633800
112 1184022 40112
113 -213657 -44273
114 526102 -319091
115 -86015 103130
116 719232 -95050
117 273449 -218231
118 572400 -264928
119 -331535 -247632
120 70861 229288
121 -402696 -420516
122 -324255 -630992
123 577995 146188
124 223799 -50098
125 965133 78486
126 -166297 28048
127 -306636 -607678
128 26443 200741
129 338455 188231
130 852896 -93516
131 930255 84521
132 676173 -98479
133 1030672 -58819
134 757048 114905
135 189518 79822
136 -432791 -556203
137 525200 155360
138 3798 152374
139 1188310 8882
140 36543 -234314
141 1068869 64893
142 979716 -70444
143 883636 92649
144 51495 229123
145 24144 210896
146 -630 49644
147 493457 -337235
148 319419 -356854
149 181600 215711
150 485069 162398
151 -289642 -501921
152 -438264 -589662
153 -281044 -160237
154 -187987 -195615
155 -290720 -544759
