1 317600 12500
2 323500 224900
3 1141100 281300
4 451100 311700
5 237500 -323700
6 309600 242800
7 950600 484000
8 364200 -406900
9 1368000 593200
10 361700 -310300
11 425000 205700
12 -84600 168700
13 925000 233400
14 1546800 593000
15 631800 100500
16 -49800 184900
17 515800 -27100
18 -249100 86700
19 1477500 632600
20 348400 -406000
21 748700 448900
22 -114000 -54000
23 -216400 16700
24 361700 294700
25 303700 316800
26 417900 411900
27 1429000 614900
28 351000 41000
29 339000 312500
30 1362600 368100
31 953900 247600
32 372600 -334500
33 489800 200900
34 394900 244300
35 592900 77500
36 459900 193200
37 463500 419900
38 90700 -210600
39 -244100 42400
40 -139600 -34000
41 304700 -377000
42 447200 -71100
43 165600 -268000
44 475100 194100
45 1501900 539200
46 548100 428200
47 130700 39300
48 -235000 100900
49 320800 318400
50 60100 146100
51 284000 285800
52 684600 201300
53 701200 230100
54 348400 -281100
55 489700 269900
56 377900 -396900
57 1199000 288100
58 1057600 326600
59 288700 272800
60 202600 -296300
61 1235200 297400
62 379000 273900
63 674200 163100
64 283700 299100
65 -54200 -99700
66 409400 221000
67 296300 260900
68 434300 416900
69 1420000 438900
70 758400 269800
71 1554800 608100
72 445600 195100
73 999900 295100
74 600300 433300
75 203500 -2000
76 -16300 -128700
77 381300 -384300
78 -111600 155900
79 399600 377400
80 801200 456900
81 1401000 604800
82 -213400 112800
83 367200 74100
84 169800 11100
85 1528800 570700
86 1079500 320200
87 852300 465500
88 380200 -369300
89 -252400 55700
90 -255000 73600
91 398700 388500
92 1302400 321300
93 -21500 190800
94 -187900 123800
95 992800 492700
96 377000 -350300
97 1038200 325000
98 39300 168600
99 1541500 642000
100 8700 187400
101 367700 149400
102 428900 333000
103 1329300 580000
104 332600 -219700
105 1038600 502700
106 377500 -115300
107 337000 -185300
108 1214900 546400
109 405800 362300
110 732100 256400
111 1337400 342600
112 1527400 643600
113 567800 42600
114 1167800 282800
115 373000 108800
116 404600 402300
117 104800 73300
118 -175600 -9700
119 1298100 569800
120 1017300 313600
121 1552600 635800
122 1113500 291200
123 502900 229800
124 1126100 523300
125 50200 -179700
126 247200 -7900
127 1393300 405600
128 792400 275500
129 497900 211400
130 340200 -257900
131 -147300 -28300
132 404800 -94700
133 705300 443900
134 359300 174000
135 340700 203900
136 1514500 642400
137 -80800 -79200
138 1445400 469800
139 1498600 639300
140 -234100 31000
141 894300 236800
142 1459200 625900
143 1558000 625100
144 895300 473300
145 1097200 307600
146 -148500 139900
147 288200 -600
148 121300 -234100
149 1174900 535700
150 415000 348100
151 646900 437800
152 658300 123700
153 1264000 305300
154 500600 247800
155 86700 105800
156 279900 -356000
157 494900 422700
158 -198800 4700
159 857500 253100
160 16100 -153600
161 351000 -149300
162 468700 294600
163 1477600 509900
164 548500 8400
165 828200 266900
166 330300 -397700
167 1253500 557100
168 1088900 514300
169 981600 272400
170 482200 -51800
171 289400 308400
